24653.900032417994	750	4.0	8.215266709904062	450283	8215.266709904063	0.4102877	-34.57564685258747
24656.929094264415	300	4.97093815357864	0.0	155580	3029.0618464213608	0.004705182	-0.15000000000000002
24659.38276104628	300	6.517271371711869	0.0	139857	2453.6667818667706	0.004705182	0.3
24661.538710740133	300	8.361321677856907	0.0	155432	2155.9496938549614	0.004705182	0.3
24663.668115452823	300	10.231916965167043	0.0	163442	2129.404712689864	0.004705182	0.3
24665.241881848095	300	12.658150569897952	0.0	126289	1573.7663952690905	0.005693631	0.3
24666.60719906504	300	15.292833352949737	0.0	153295	1365.3172169482154	0.004705182	0.3
24668.18641875593	300	17.713613662059643	0.0	173849	1579.2196908900933	0.004705182	0.3
24669.530818696247	300	20.369213721744813	0.0	150710	1344.3999403148302	0.004705182	0.3
24670.730414556176	300	23.169617861816537	0.0	139105	1199.5958599282799	0.0142598795	0.3
24671.909600495652	300	25.990431922341035	0.0	141840	1179.1859394755	0.03090205	0.3
24673.343003724814	300	28.557028693178424	0.0	156148	1433.4032291626106	0.077901796	0.3
24674.92309192713	300	30.976940490863043	0.0	160746	1580.0882023153815	0.14449337	0.3
24676.68659593626	300	33.213436481734	0.0	179801	1763.5040091290398	0.38691244	0.3
24680.605640623973	750	33.29439179401868	0.0	337059	3919.044687715323	0.6968267	0.3
24684.43834571402	750	33.46168670397039	0.0	366214	3832.705090048282	0.050661482	0.75
24687.298465593867	750	34.6015668241267	0.0	360831	2860.1198798436913	0.012915261	0.75
24690.709523491532	750	35.190508926463764	0.0	372963	3411.0578976629345	0.004705182	0.75
24695.960714984223	750	33.939317433771244	0.0	405596	5251.191492692527	0.004705182	0.75
24698.856900414678	750	35.0431320033157	0.0	350713	2896.185430455542	0.0048225373	0.75
24702.00808446846	750	35.891947949531776	0.0	386472	3151.184053783916	0.004705182	0.75
24705.65388871821	750	36.24614369978459	0.0	399894	3645.8042497471943	0.0055316477	0.75
24710.454034042054	750	35.4459983759415	0.0	401853	4800.1453238430895	0.0053767213	0.75
24713.42775066318	750	36.47228175481352	0.0	343800	2973.716621127972	0.004705182	0.75
24716.38232502907	750	37.51770738892344	0.0	359903	2954.5743658900797	0.010700146	0.75
24720.104387844367	750	37.79564457362435	0.0	379700	3722.062815299091	0.02818364	0.75
24724.1625759538	750	37.73745646419308	0.0	425781	4058.188109431273	0.014438096	0.75
24727.06084537757	750	38.839187040421535	0.0	277716	2898.2694237715377	0.0692851	0.75
24733.00228584359	750	36.8977465743997	0.0	400396	5941.440466021842	0.04540413	0.75
24738.746526991643	750	35.15350542634865	0.0	400508	5744.2411480510455	0.007647055	0.75
24742.04243274833	750	35.8575996696644	0.0	358218	3295.905756684256	0.00715962	0.75
24745.198409474382	750	36.7016229436134	0.0	400322	3155.9767260510007	0.048222743	0.75
24750.36373052825	1200	35.53630188974446	0.0	584349	5165.3210538689455	0.38903955	0.75
24756.963343438234	1200	32.93668897976072	0.0	670129	6599.612909983745	0.069772094	1.2
24763.01409850849	1200	30.88593390950385	0.0	690253	6050.755070256862	0.12023807	1.2
24768.454425903255	1200	29.445606514739534	0.0	598727	5440.327394764317	0.032684762	1.2
24773.2129682641	1200	28.68706415389717	0.0	487812	4758.542360842364	0.040403534	1.2
24779.71158247212	1200	26.188449945876716	0.0	575591	6498.614208020453	0.09731893	1.2
24785.69735081403	1200	24.202681603966774	0.0	605884	5985.768341909944	0.14162552	1.2
24794.1964933773	1200	19.70353904069483	0.0	587506	8499.14256327194	0.07127843	1.2
24800.794718643378	1200	17.105313774617514	0.0	566904	6598.225266077318	0.6180535	1.2
24805.106345109733	750	16.793687308264552	0.0	384505	4311.626466352962	0.63688046	0.3
24809.394726567807	750	16.505305850185252	0.0	372093	4288.381458079299	0.012477848	0.75
24815.76047620534	750	14.139556212652154	0.0	438281	6365.749637533095	0.008684891	0.75
24818.80686268069	750	15.093169737305338	0.0	398987	3046.3864753468174	0.0058318293	0.75
24821.534997414168	750	16.365035003824715	0.0	393804	2728.1347334806223	0.10348814	0.75
24825.691396365786	1200	16.208636052205478	0.0	538612	4156.39895161924	0.6107316	0.75
24829.81296866651	1200	16.08706375148449	0.0	550906	4121.572300720987	0.1439335	1.2

