20193.24527654487	750	4.0	3.995068697861578	450283	3995.068697861578	0.004705182	-16.428795400804784
20194.7375486322	300	6.507727912669612	0.0	155580	1492.2720873303876	0.25709128	-0.15000000000000002
20196.009644686263	300	9.235631858607427	0.0	139857	1272.0960540621852	0.085180685	0.3
20197.4244276378	300	11.820848907070088	0.0	155432	1414.7829515373378	0.0101682795	0.3
20198.96984904809	300	14.27542749677892	0.0	163442	1545.4214102911674	0.069268994	0.3
20200.016802107315	300	17.228474437554695	0.0	126289	1046.9530592242274	0.10544498	0.3
20201.264003869488	300	19.98127267538223	0.0	153295	1247.201762172467	0.03335882	0.3
20202.739383054995	300	22.505893489876183	0.0	173849	1475.379185506045	0.034868635	0.3
20204.046383811856	300	25.19889273301395	0.0	150710	1307.0007568622354	0.06703819	0.3
20205.219765096044	300	28.02551144882591	0.0	139105	1173.3812841880376	0.14323273	0.3
20206.457140282848	300	30.788136262026406	0.0	141840	1237.3751867995045	0.2278279	0.3
20208.010975830595	300	33.23430071427647	0.0	156148	1553.8355477499313	0.3631356	0.3
20212.788908587725	750	32.45636795714951	0.0	386351	4777.932757126957	0.6026193	0.3
20221.15348670167	750	28.091789843203394	0.0	434409	8364.578113946118	0.29267257	0.75
20223.08539077047	300	30.159885774406035	0.0	140051	1931.9040687973577	0.053201295	-0.15000000000000002
20225.061575432403	300	32.18370111247379	0.0	138313	1976.1846619322475	0.036463086	0.3
20227.258279961618	300	33.98699658326006	0.0	143509	2196.7045292137286	0.055960197	0.3
20229.14174248107	300	36.103534063803146	0.0	150616	1883.4625194569066	0.08826407	0.3
20231.323812183186	300	37.92146436168873	0.0	165384	2182.0697021144215	0.42137164	0.3
20235.340240288726	750	37.90503625614724	0.0	350713	4016.4281055414835	0.55463177	0.3
20239.134005373184	750	38.11127117169173	0.0	386472	3793.7650844555105	0.0055531072	0.75
20242.78488503485	750	38.46039151002834	0.0	399894	3650.8796616634013	0.004705182	0.75
20247.34181159863	750	37.90346494624296	0.0	401853	4556.926563785368	0.004705182	0.75
20251.81403623245	750	37.43124031242494	0.0	343800	4472.224633818023	0.004705182	0.75
20258.25120373397	750	34.99407281090463	0.0	359903	6437.167501520312	0.004705182	0.75
20264.73861339806	750	32.506663146813565	0.0	379700	6487.409664091067	0.004705182	0.75
20270.971905326995	750	30.273371217878854	0.0	425781	6233.291928934716	0.004705182	0.75
20277.78020612747	750	27.465070417402092	0.0	277716	6808.300800476757	0.004705182	0.75
20288.831479020853	750	20.413797524021195	0.0	400396	11051.2728933809	0.005271801	0.75
20292.82036675372	300	20.42490979115417	0.0	149029	3988.8877328670255	0.4309193	-0.15000000000000002
20296.145334426677	300	21.099942118193365	0.0	157421	3324.9676729608077	0.13327266	0.3
20299.066999253402	300	22.178277291467737	0.0	157488	2921.664826725628	0.14693181	0.3
20302.795071028107	300	22.450205516764694	0.0	143881	3728.071774703043	0.09510567	0.3
20306.39931761515	300	22.845958929723988	0.0	163444	3604.2465870407073	0.08830683	0.3
20311.19431518299	300	22.05096136187998	0.0	179328	4794.997567844007	0.18858814	0.3
20315.186379749255	300	22.058896795617247	0.0	159914	3992.0645662627335	0.22194399	0.3
20317.763374258262	300	23.4819022866109	0.0	131610	2576.994509006347	0.1844723	0.3
20324.209183861494	750	21.03609268337821	0.0	361565	6445.809603232689	0.639938	0.3
20330.19137917302	750	19.05389737185491	0.0	378327	5982.195311523299	0.11654433	0.75
20339.508693551663	750	13.736582993209124	0.0	390680	9317.314378645786	0.048355892	0.75
20341.834455966455	300	15.410820578417104	0.0	147968	2325.7624147920187	0.016248748	-0.15000000000000002
20344.14069391467	300	17.10458263020084	0.0	161857	2306.2379482162605	0.13941824	0.3
20346.29246190183	300	18.952814643042256	0.0	145210	2151.7679871585838	0.3821167	0.3
20347.672349628316	300	21.572926916554877	0.0	172312	1379.887726487381	0.66589606	0.3
20351.52134715765	750	21.723929387218753	0.0	398987	3848.9975293361254	0.010943098	0.3
20354.993311968992	750	22.25196457587405	0.0	393804	3471.9648113446997	0.039663073	0.75
20357.729492602084	750	23.515783942784452	0.0	331053	2736.1806330896015	0.29024768	0.75
20360.33846997009	750	24.90680657477483	0.0	314107	2608.9773680096214	0.5023675	0.75

