14626.891634020038	750	4.0	3.666539248000215	450283	3666.5392480002147	0.05750942	-15.016118766400924
14629.666025988809	750	5.225608031230129	0.0	398865	2774.391968769871	0.6201618	0.75
14632.784066495173	750	6.107567524864779	0.0	350812	3118.04050636535	0.41244942	0.75
14633.985850300885	300	8.905783719150971	0.0	155432	1201.7838057138072	0.059458636	-0.15000000000000002
14635.248112243373	300	11.643521776664231	0.0	163442	1262.26194248674	0.074959815	0.3
14636.17006223081	300	14.721571789227564	0.0	126289	921.9499874366659	0.18022534	0.3
14637.194313342534	300	17.697320677504614	0.0	153295	1024.25111172295	0.13089782	0.3
14638.237602077214	300	20.654031942825103	0.0	173849	1043.288734679511	0.12093094	0.3
14639.239968069562	300	23.65166595047864	0.0	150710	1002.3659923464605	0.28059292	0.3
14640.475112249314	300	26.41652177072504	0.0	139105	1235.144179753599	0.37080956	0.3
14641.6987372536	300	29.19289676643978	0.0	141840	1223.625004285261	0.23708811	0.3
14642.814170408297	300	32.07746361174381	0.0	156148	1115.4331546959731	0.5491179	0.3
14644.83675794802	750	34.0548760720207	0.0	386351	2022.5875397231084	0.53488934	0.3
14647.650070190151	750	35.24156382988957	0.0	434409	2813.3122421311273	0.00711118	0.75
14649.771887049648	750	37.119746970393734	0.0	337059	2121.8168594958397	0.007226081	0.75
14651.540875695264	750	39.35075832477841	0.0	366214	1768.9886456153165	0.012433648	0.75
14653.29378140771	750	41.597852612332055	0.0	360831	1752.9057124463566	0.2536198	0.75
14658.848986473304	1200	40.04264754673984	0.0	581493	5555.205065592217	0.68450797	0.75
14665.894368352743	1200	36.99726566730082	0.0	639204	7045.381879439015	0.69668126	1.2
14669.252444787466	750	37.639189232579554	0.0	350713	3358.0764347212707	0.42213485	0.3
14671.519358201343	750	39.37227581870185	0.0	386472	2266.9134138777044	0.009677113	0.75
14673.868013447865	750	41.023620572179794	0.0	399894	2348.655246522049	0.21534152	0.75
14676.868873104659	750	42.02276091538676	0.0	401853	3000.8596567930394	0.6697937	0.75
14679.477012770156	750	43.41462124988938	0.0	343800	2608.139665497377	0.69544876	0.75
14683.8906786182	1200	43.00095540184395	0.0	587236	4413.665848045425	0.6911912	0.75
14693.745580598395	1200	37.14605342164909	0.0	590335	9854.90198019486	0.023658648	1.2
14704.268397609343	750	30.623236410699988	0.0	425781	10522.817010949106	0.2975302	0.3
14707.424334248344	750	31.46729977170047	0.0	277716	3155.936638999515	0.035042197	0.75
14711.151226623571	750	31.740407396473987	0.0	400396	3726.8923752264836	0.004705182	0.75
14714.534398648788	750	32.357235371257495	0.0	400508	3383.172025216491	0.007951799	0.75
14717.405337833476	750	33.486296186569014	0.0	358218	2870.9391846884837	0.06426758	0.75
14720.422446263678	750	34.46918775636682	0.0	400322	3017.1084302021895	0.21440543	0.75
14724.247521857305	1200	34.64411216274113	0.0	584349	3825.075593625693	0.6654013	0.75
14727.480000161175	1200	35.41163385887083	0.0	670129	3232.4783038703063	0.013768102	1.2
14730.901934311656	1200	35.9896997083892	0.0	690253	3421.9341504816266	0.004705182	1.2
14733.883661392587	1200	37.0079726274595	0.0	598727	2981.7270809297074	0.0080271885	1.2
14737.174791701194	1200	37.716842318851356	0.0	487812	3291.1303086081434	0.027917651	1.2
14741.190933529753	1200	37.700700490292725	0.0	575591	4016.1418285586306	0.01119384	1.2
14745.920392419766	1200	36.97124160028024	0.0	605884	4729.458890012487	0.017330479	1.2
14750.062767925507	1200	36.82886609453965	0.0	587506	4142.375505740589	0.011897872	1.2
14754.278045580166	1200	36.61358843988073	0.0	566904	4215.277654658917	0.021774715	1.2
14763.735816377353	1200	31.15581764269348	0.0	641452	9457.770797187253	0.014919503	1.2
14775.101323350187	1200	23.790310669859167	0.0	599477	11365.506972834317	0.0073074326	1.2
14785.042432158816	750	17.84920186123046	0.0	438281	9941.108808628707	0.69682527	0.3
14792.620079974673	750	14.271554045374305	0.0	398987	7577.647815856155	0.009882696	0.75
14801.872174681872	750	9.019459338176718	0.0	393804	9252.094707197588	0.0085548395	0.75
14804.571907262343	300	10.319726757705482	0.0	137507	2699.7325804712355	0.011997257	-0.15000000000000002
14806.693202597115	300	12.198431422934613	0.0	118421	2121.295334770868	0.01702275	0.3

