16769.220966505272	750	4.0	7.571061952176263	450283	7571.061952176264	0.007323045	-31.805566394357932
16771.200760928434	300	6.020205576839139	0.0	155580	1979.794423160861	0.004705182	-0.15000000000000002
16772.293772909747	300	8.927193595526365	0.0	139857	1093.0119813127735	0.004705182	0.3
16773.224963895795	300	11.996002609478529	0.0	155432	931.1909860478366	0.004705182	0.3
16774.72945671782	300	14.491509787451928	0.0	163442	1504.4928220266	0.109093234	0.3
16775.983528817127	300	17.23743768814388	0.0	126289	1254.0720993080495	0.059136175	0.3
16777.28058285389	300	19.940383651380355	0.0	153295	1297.0540367635265	0.007549305	0.3
16778.503181323184	300	22.717785182090168	0.0	173849	1222.5984692901864	0.015672583	0.3
16779.632346459697	300	25.588620045575897	0.0	150710	1129.1651365142695	0.047592215	0.3
16780.810686389173	300	28.410280116098633	0.0	139105	1178.3399294772632	0.22127023	0.3
16783.514537156185	750	29.706429349090506	0.0	353220	2703.850767008127	0.3616202	0.3
16786.068615464796	750	31.1523510404782	0.0	405134	2554.0783086123033	0.07233799	0.75
16790.89512799385	750	30.32583851142404	0.0	386351	4826.512529054166	0.0071830465	0.75
16797.515300041257	750	27.705666464012054	0.0	434409	6620.172047411983	0.1581633	0.75
16800.470491044845	300	28.75047546042336	0.0	140051	2955.1910035886926	0.6957083	-0.15000000000000002
16804.400889077908	300	28.82007742735839	0.0	138313	3930.3980330649697	0.06560996	0.3
16808.196155890382	300	29.024810614885425	0.0	143509	3795.2668124729666	0.03319458	0.3
16811.127459616666	300	30.09350688860436	0.0	150616	2931.3037262810635	0.025351075	0.3
16813.26042091061	300	31.960545594659212	0.0	165384	2132.961293945146	0.04469433	0.3
16814.38493346366	300	34.836033041609014	0.0	140881	1124.5125530501932	0.21190803	0.3
16815.66110558916	300	37.55986091611383	0.0	157671	1276.172125495186	0.38722894	0.3
16818.984463153112	750	38.236503352159794	0.0	399894	3323.357563954037	0.06477307	0.3
16822.03815197888	750	39.18281452639116	0.0	401853	3053.688825768628	0.004917535	0.75
16824.72178253388	750	40.499183971390885	0.0	343800	2683.6305550002826	0.017777573	0.75
16827.466434755	750	41.75453175027257	0.0	359903	2744.6522211183214	0.04554728	0.75
16831.47150735119	750	41.74945915408033	0.0	379700	4005.072596192238	0.15889165	0.75
16836.089562145007	750	41.131404360264376	0.0	425781	4618.054793815949	0.06990667	0.75
16840.655054704	750	40.56591180127162	0.0	277716	4565.492558992761	0.109193996	0.75
16847.480822140387	750	37.74014436488441	0.0	400396	6825.767436387215	0.014035143	0.75
16851.69001712939	750	37.53094937588337	0.0	400508	4209.194989001046	0.0059254523	0.75
16855.11388889579	750	38.107077609481806	0.0	358218	3423.871766401558	0.025313446	0.75
16858.31493670723	750	38.90602979804484	0.0	400322	3201.0478114369666	0.10448411	0.75
16860.86031290659	750	40.360653598684586	0.0	369834	2545.37619936025	0.65023226	0.75
16863.627381660048	750	41.593584845224406	0.0	412837	2767.0687534601843	0.28579187	0.75
16870.512429378563	1200	38.708537126710446	0.0	690253	6885.0477185139525	0.051750902	0.75
16876.803549811004	1200	36.417416694266564	0.0	598727	6291.12043244389	0.0099854935	1.2
16883.23814375983	1200	33.98282274544194	0.0	487812	6434.593948824615	0.009037686	1.2
16887.79526739812	1200	33.42569910715393	0.0	575591	4557.123638288017	0.052432194	1.2
16892.14706666368	1200	33.07389984158908	0.0	605884	4351.799265564853	0.006558545	1.2
16896.1227747129	1200	33.09819179236974	0.0	587506	3975.708049219343	0.004705182	1.2
16902.4878759805	1200	30.73309052477205	0.0	566904	6365.101267597693	0.004705182	1.2
16915.66083674203	1200	21.56012976324255	0.0	641452	13172.960761529497	0.005131199	1.2
16922.985339546227	750	18.235626959045668	0.0	372093	7324.50280419688	0.04420133	0.3
16926.5518704375	750	18.669096067771882	0.0	438281	3566.5308912737846	0.0056873383	0.75
16929.71922763677	750	19.501738868498993	0.0	398987	3167.3571992728903	0.17435831	0.75
16932.803289545856	750	20.417676959416674	0.0	393804	3084.0619090823197	0.50485915	0.75
16935.412228201083	750	21.808738304188736	0.0	331053	2608.938655227936	0.33278504	0.75
16937.77985264015	750	23.441113865124688	0.0	314107	2367.62443906405	0.39903387	0.75

