895.9019448571601	750	4.0	6.865112348267744	450283	6865.112348267744	0.1937502	-28.7699830975513
897.962520774724	300	5.939424082436076	0.0	155580	2060.575917563924	0.004705182	-0.15000000000000002
899.74607497901	300	8.155869878150016	0.0	139857	1783.5542042860604	0.004705182	0.3
901.6040126736807	300	10.297932183479393	0.0	155432	1857.9376946706218	0.004705182	0.3
903.4612359700404	300	12.440708887119614	0.0	163442	1857.2232963597808	0.004705182	0.3
904.7713356751586	300	15.130609182001447	0.0	126289	1310.099705118168	0.013493515	0.3
906.2044552386569	300	17.697489618503123	0.0	153295	1433.11956349832	0.004705182	0.3
908.0275542948876	300	19.874390562272517	0.0	173849	1823.0990562306067	0.0055420604	0.3
909.5709352783956	300	22.331009578764466	0.0	150710	1543.3809835080526	0.0058825607	0.3
911.1167735177396	300	24.78517133942052	0.0	139105	1545.8382393439476	0.021171773	0.3
912.8239615634538	300	27.077983293706218	0.0	141840	1707.1880457143025	0.023651997	0.3
914.7740677054435	300	29.12787715171659	0.0	156148	1950.1061419896282	0.027762612	0.3
916.5767350769933	300	31.32520978016678	0.0	160746	1802.6673715498073	0.039287698	0.3
922.7304796648559	750	29.17146519230409	0.0	434409	6153.744587862689	0.15537387	0.3
924.6916993229163	300	31.210245534243647	0.0	140051	1961.2196580604436	0.44551808	-0.15000000000000002
926.7309461971502	300	33.17099866000988	0.0	138313	2039.246874233767	0.07013956	0.3
929.5040309299288	300	34.39791392723113	0.0	143509	2773.08473277875	0.10657857	0.3
933.7145536791086	300	34.1873911780514	0.0	150616	4210.522749179723	0.09464484	0.3
940.0190503846334	300	31.88289447252666	0.0	165384	6304.496705524738	0.07442491	0.3
945.1888900654246	300	30.713054791735424	0.0	140881	5169.8396807912395	0.03031506	0.3
950.8935447299443	300	29.00840012721568	0.0	157671	5704.654664519744	0.053005755	0.3
955.9518266405973	300	27.950118216562725	0.0	157812	5058.281910652951	0.045432188	0.3
960.1926873241076	300	27.709257533052376	0.0	163927	4240.86068351035	0.04972821	0.3
965.1869265907886	300	26.71501826637131	0.0	137654	4994.239266681066	0.08626503	0.3
969.1767983667555	300	26.72514649040444	0.0	146754	3989.871775966868	0.123407	0.3
976.0759978777893	750	23.825946979370606	0.0	379700	6899.199511033837	0.21328045	0.3
986.1364605105704	750	17.765484346589577	0.0	425781	10060.462632781027	0.27197737	0.75
988.9560775660133	300	18.94586729114662	0.0	111155	2819.617055442957	0.01654528	-0.15000000000000002
992.8289746665988	300	19.07297019056113	0.0	153605	3872.8971005854924	0.005253949	0.3
996.9103935133292	300	18.991551343830753	0.0	149029	4081.4188467303757	0.0060720704	0.3
999.1515094604908	300	20.750435396669047	0.0	157421	2241.1159471617057	0.0066104666	0.3
1000.1825334945598	300	23.719411362600155	0.0	157488	1031.0240340688906	0.026024755	0.3
1001.469931378817	750	26.432013478342906	0.0	369834	1287.397884257249	0.07840552	0.3
1003.015236821225	1200	28.88670803593492	0.0	670129	1545.305442407985	0.038580336	0.75
1006.2503233874195	2850	29.651621469740466	0.0	1492672	3235.086566194457	0.06108559	1.2000000000000002
1010.9367951769291	4300	28.965149680230876	0.0	2143948	4686.47178950959	0.54936963	2.8499999999999996
1015.1625962538201	4300	28.739348603339817	0.0	1919781	4225.801076891058	0.004705182	4.3
1019.9209390631174	4300	27.98100579404259	0.0	2147467	4758.342809297228	0.004705182	4.3
1024.4506487698577	4300	27.451296087302243	0.0	2133870	4529.709706740349	0.004705182	4.3
1028.8005586333377	4300	27.101386223822168	0.0	2146120	4349.909863480076	0.004705182	4.3
1033.6401997114076	4300	26.2617451457524	0.0	2108491	4839.641078069767	0.004705182	4.3
1038.9511458977388	4300	24.95079895942116	0.0	2184571	5310.946186331237	0.004705182	4.3
1043.825605070125	4300	24.076339787034907	0.0	2121928	4874.459172386252	0.004705182	4.3
1048.5673740125676	4300	23.334570844592353	0.0	2219102	4741.768942442555	0.004705182	4.3
1053.3576198528451	4300	22.544325004314754	0.0	2124950	4790.2458402776	0.004705182	4.3
1058.9864632069396	4300	20.915481650220297	0.0	2246506	5628.843354094457	0.004705182	4.3
1063.8589831589043	4300	20.042961698255496	0.0	1961140	4872.519951964803	0.004705182	4.3
1068.3159915606338	4300	19.585953296526128	0.0	2155012	4457.008401729366	0.004705182	4.3

