8672.500193254355	750	4.0	2.8275693741498356	450283	2827.5693741498358	0.004705182	-11.408548308844292
8674.351939582024	750	6.1482536723311885	0.0	398865	1851.7463276688115	0.074510396	0.75
8676.052162360958	750	8.448030893397023	0.0	350812	1700.222778934165	0.004705182	0.75
8681.51274944178	750	6.987443812576515	0.0	382355	5460.587080820507	0.029639864	0.75
8683.959882751227	300	8.540310503129732	0.0	163442	2447.1333094467846	0.06242147	-0.15000000000000002
8686.370318054938	300	10.129875199418297	0.0	126289	2410.4353037114342	0.01985566	0.3
8689.159100763425	300	11.341092490931436	0.0	153295	2788.7827084868604	0.0048869215	0.3
8692.676386372223	300	11.823806882132827	0.0	173849	3517.2856087986083	0.004705182	0.3
8694.878051498627	300	13.62214175572854	0.0	150710	2201.665126404287	0.004705182	0.3
8697.465954580864	300	15.034238673491439	0.0	139105	2587.903082237103	0.004705182	0.3
8701.701368160138	300	14.798825094217696	0.0	141840	4235.413579273742	0.004705182	0.3
8706.550853213266	300	13.949340041089625	0.0	156148	4849.485053128073	0.004705182	0.3
8710.44717388368	300	14.053019370675246	0.0	160746	3896.320670414379	0.004705182	0.3
8714.252277121675	300	14.247916132678471	0.0	179801	3805.103237996774	0.004705182	0.3
8716.6598904331	300	15.840302821253996	0.0	140051	2407.613311424475	0.004705182	0.3
8719.220956959496	300	17.279236294859384	0.0	138313	2561.066526394612	0.004705182	0.3
8722.009236734812	300	18.4909565195427	0.0	143509	2788.2797753166874	0.004705182	0.3
8725.115360369933	300	19.384832884420387	0.0	150616	3106.1236351223138	0.004705182	0.3
8729.175231189038	300	19.324962065315862	0.0	165384	4059.870819104524	0.004705182	0.3
8732.391152671053	300	20.109040583302946	0.0	140881	3215.921482012917	0.004705182	0.3
8735.259797986097	300	21.240395268259	0.0	157671	2868.645315043948	0.004705182	0.3
8737.998194400088	300	22.5019988542668	0.0	157812	2738.396413992195	0.004705182	0.3
8741.115585337055	300	23.384607917301423	0.0	163927	3117.3909369653825	0.0051530325	0.3
8743.665817384643	300	24.834375869711597	0.0	137654	2550.232047589828	0.006772118	0.3
8747.01591102579	300	25.484282228564204	0.0	146754	3350.0936411473926	0.012959427	0.3
8751.976775669278	300	24.523417585076537	0.0	153938	4960.864643487667	0.022286814	0.3
8755.89665295485	300	24.603540299504697	0.0	181901	3919.8772855718375	0.0129013145	0.3
8756.968788304102	300	27.531404950253233	0.0	111155	1072.135349251464	0.044421077	0.3
8758.311515276499	300	30.18867797785549	0.0	153605	1342.7269723977404	0.6326964	0.3
8762.07093325692	750	30.429259997434144	0.0	400508	3759.41798042135	0.31893742	0.3
8765.098203281144	750	31.401989973210668	0.0	358218	3027.2700242234746	0.0047184126	0.75
8770.262514328399	750	30.23767892595596	0.0	400322	5164.311047254706	0.011900785	0.75
8775.48578769402	750	29.014405560334392	0.0	369834	5223.2733656215705	0.00477987	0.75
8778.63307958506	750	29.8671136692937	0.0	412837	3147.2918910406897	0.004705182	0.75
8781.29460393722	750	31.205589317134006	0.0	401088	2661.5243521596917	0.04522339	0.75
8784.073604705778	750	32.42658854857497	0.0	365161	2779.000768559034	0.5935176	0.75
8787.156506610238	750	33.343686644117554	0.0	321064	3082.9019044574216	0.6526276	0.75
8791.90783782011	750	32.592355434242855	0.0	361565	4751.331209874694	0.6861195	0.75
8799.574860968558	750	28.925332285795587	0.0	378327	7667.023148447273	0.36667323	0.75
8805.618669599611	750	26.88152365474273	0.0	390680	6043.808631052857	0.018727537	0.75
8808.773994228823	750	27.726199025530413	0.0	345516	3155.32462921232	0.018540366	0.75
8812.084617953396	750	28.415575300957073	0.0	384505	3310.6237245733378	0.18531898	0.75
8814.227964299436	750	30.272228954917022	0.0	372093	2143.346346040048	0.6720459	0.75
8817.528537280317	1200	30.971655974036018	0.0	634861	3300.5729808810074	0.024389405	0.75
8824.067042917104	1200	28.43315033724942	0.0	630203	6538.505636786598	0.060405202	1.2
8835.246444226923	1200	21.253749027432065	0.0	638661	11179.401309817355	0.0047111413	1.2
8840.73984839413	750	19.760344860223015	0.0	331053	5493.404167209055	0.67999285	0.3
8850.497931695903	750	14.00226155845222	0.0	314107	9758.083301770792	0.071412295	0.75

