22682.828564460106	750	4.0	5.693969597015465	450283	5693.969597015464	0.023188988	-23.734069267166497
22684.63190105528	300	6.1966634048252285	0.0	155580	1803.336595174772	0.004705182	-0.15000000000000002
22686.12087319041	300	8.707691269693635	0.0	139857	1488.9721351315945	0.005715926	0.3
22687.70438235	300	11.12418211010765	0.0	155432	1583.509159585983	0.004705182	0.3
22689.414302953905	300	13.414261506198569	0.0	163442	1709.920603909083	0.010915244	0.3
22690.761261385225	300	16.067303074878538	0.0	126289	1346.9584313200323	0.028810052	0.3
22692.290866248586	300	18.537698211516872	0.0	153295	1529.604863361666	0.005556972	0.3
22694.08779419188	300	20.740770268221752	0.0	173849	1796.927943295118	0.007054117	0.3
22695.714325404948	300	23.11423905515551	0.0	150710	1626.5312130662408	0.010109417	0.3
22697.29597806981	300	25.532586390292582	0.0	139105	1581.6526648629308	0.02605331	0.3
22698.86170531985	300	27.96685914025227	0.0	141840	1565.7272500403092	0.028027704	0.3
22700.465991697267	300	30.362572762836212	0.0	156148	1604.2863774160621	0.043041684	0.3
22702.02344793517	300	32.80511652493137	0.0	160746	1557.4562379048398	0.10670324	0.3
22703.74073964335	300	35.087824816757944	0.0	179801	1717.2917081734304	0.40614912	0.3
22707.32420242341	750	35.504362036695966	0.0	337059	3583.462780061979	0.6965743	0.3
22711.13036686154	750	35.6981975985623	0.0	366214	3806.164438133671	0.0144103365	0.75
22715.118603814182	750	35.709960645921846	0.0	360831	3988.2369526404477	0.0059336554	0.75
22718.909608567163	750	35.91895589293922	0.0	372963	3791.004752982627	0.005221898	0.75
22724.842867808504	750	33.98569665160144	0.0	405596	5933.259241337784	0.004705182	0.75
22729.319423945708	750	33.509140514397934	0.0	350713	4476.556137203503	0.0060688583	0.75
22733.59073722647	750	33.237827233633304	0.0	386472	4271.313280764636	0.004705182	0.75
22738.901843559557	750	31.926720900549228	0.0	399894	5311.106333084079	0.004705182	0.75
22745.356783926956	750	29.471780533147808	0.0	401853	6454.940367401419	0.004705182	0.75
22749.606214283216	750	29.222350176886028	0.0	343800	4249.43035626178	0.0053057657	0.75
22753.548689034116	750	29.279875425986337	0.0	359903	3942.4747508996907	0.004705182	0.75
22759.21711523506	750	27.611449225040083	0.0	379700	5668.4262009462545	0.004705182	0.75
22768.65082535999	750	22.177739100110237	0.0	425781	9433.710124929845	0.004705182	0.75
22773.805561694517	750	21.023002765581193	0.0	277716	5154.736334529042	0.6968205	0.75
22778.100298912545	750	20.728265547556113	0.0	400396	4294.737218025082	0.08341116	0.75
22782.120775208565	750	20.707789251534003	0.0	400508	4020.476296022109	0.006457284	0.75
22786.06055309559	750	20.768011364510865	0.0	358218	3939.7778870231386	0.006061658	0.75
22790.81355329556	750	20.01501116454018	0.0	400322	4753.000199970684	0.006065527	0.75
22795.892508381283	750	18.936056078818247	0.0	369834	5078.955085721935	0.0053762216	0.75
22806.64410529702	750	12.184459163081273	0.0	412837	10751.596915736975	0.0060932203	0.75
22812.138604277276	300	10.689960182821899	0.0	179328	5494.498980259375	0.004705182	-0.15000000000000002
22817.080259250673	300	9.748305209421938	0.0	159914	4941.65497339996	0.004705182	0.3
22819.841140782482	300	10.987423677613284	0.0	131610	2760.881531808655	0.004705182	0.3
22821.775855387714	300	13.05270907238207	0.0	124011	1934.7146052312135	0.004705182	0.3
22823.86924976896	300	14.959314691137642	0.0	144254	2093.3943812444277	0.004705182	0.3
22826.31545553997	300	16.513108920124505	0.0	149991	2446.2057710131367	0.0077092648	0.3
22828.519169179515	300	18.30939528058053	0.0	147968	2203.7136395439743	0.02569714	0.3
22830.9222249656	300	19.906339494493885	0.0	161857	2403.0557860866475	0.24969526	0.3
22834.02749267877	750	20.801071781324385	0.0	372093	3105.2677131694973	0.6943957	0.3
22836.78407187386	750	22.04449258623883	0.0	438281	2756.5791950855564	0.009372535	0.75
22839.309715122003	750	23.51884933809296	0.0	398987	2525.6432481458723	0.6155877	0.75
22844.96734285058	1200	21.86122160951711	0.0	638661	5657.627728575848	0.38563776	0.75
22849.53055525106	1200	21.298009209035115	0.0	538612	4563.212400481997	0.023496956	1.2
22854.065510942444	1200	20.763053517654217	0.0	550906	4534.955691380897	0.012593705	1.2

