10962.926132323208	750	4.0	6.835416697573638	450283	6835.416697573638	0.16146426	-28.642291799566642
10966.23267054527	300	4.693461777936518	0.0	155580	3306.5382220634815	0.004705182	-0.15000000000000002
10968.418987903213	300	6.507144419993679	0.0	139857	2186.3173579428385	0.004705182	0.3
10970.454803677057	300	8.471328646148999	0.0	155432	2035.8157738446798	0.004705182	0.3
10972.228114077618	300	10.698018245588635	0.0	163442	1773.310400560364	0.004705182	0.3
10974.226044647485	300	12.700087675722632	0.0	126289	1997.9305698660023	0.010312593	0.3
10975.589749587074	300	15.336382736134434	0.0	153295	1363.7049395881982	0.004705182	0.3
10977.065997564838	300	17.860134758370997	0.0	173849	1476.2479777634353	0.004705182	0.3
10978.422735557739	300	20.503396765469446	0.0	150710	1356.7379929015528	0.006062092	0.3
10979.590670423202	300	23.33546190000575	0.0	139105	1167.9348654636954	0.013871942	0.3
10980.631952197738	300	26.294180125470902	0.0	141840	1041.281774534847	0.039078813	0.3
10981.716818616102	300	29.20931370710715	0.0	156148	1084.8664183637525	0.15660821	0.3
10982.746701457014	300	32.179430866194124	0.0	160746	1029.8828409130288	0.50650376	0.3
10985.633894372802	750	33.29223795040588	0.0	434409	2887.1929157882473	0.500559	0.3
10988.211608308009	750	34.71452401519791	0.0	337059	2577.7139352079707	0.005042152	0.75
10990.59419981333	750	36.33193250987862	0.0	366214	2382.5915053192907	0.004705182	0.75
10993.016676938953	750	37.90945538425385	0.0	360831	2422.4771256247673	0.006923816	0.75
10995.367846055056	750	39.5582862681492	0.0	372963	2351.16911610465	0.016376346	0.75
10997.726182973624	750	41.19994934958194	0.0	405596	2358.336918567261	0.059810545	0.75
11000.438157452429	750	42.48797487077719	0.0	350713	2711.9744788047537	0.41941082	0.75
11004.806773426497	1200	42.11935889670931	0.0	601738	4368.615974067881	0.23428059	0.75
11010.13961933407	1200	40.78651298913579	0.0	616206	5332.845907573525	0.121115856	1.2
11015.091726350285	1200	39.83440597292008	0.0	656471	4952.107016215705	0.26371813	1.2
11018.259094301746	1200	40.66703802145939	0.0	536667	3167.3679514606906	0.0814604	1.2
11022.07177873152	1200	40.85435359168281	0.0	587236	3812.684429776577	0.013270138	1.2
11025.140874182334	1200	41.785258140870475	0.0	590335	3069.0954508123364	0.0077875354	1.2
11028.784011128797	1200	42.14212119440852	0.0	696376	3643.1369464619575	0.004705182	1.2
11031.184636577194	1200	43.741495746011054	0.0	487160	2400.625448397466	0.004705182	1.2
11034.494467175613	1200	44.43166514759288	0.0	622896	3309.830598418173	0.005112902	1.2
11039.062636782717	1200	43.86349554048866	0.0	641447	4568.169607104226	0.005666869	1.2
11043.619819006868	1200	43.30631331633808	0.0	570392	4557.18222415058	0.005061375	1.2
11048.92777270055	1200	41.998359622656636	0.0	620283	5307.953693681442	0.004705182	1.2
11055.515078502134	1200	39.411053821072954	0.0	584349	6587.305801583676	0.004705182	1.2
11059.722691877114	1200	39.20344044609318	0.0	670129	4207.613374979774	0.005082168	1.2
11064.756605922143	1200	38.169526401064985	0.0	690253	5033.914045028203	0.004705182	1.2
11069.827059670597	1200	37.09907265260884	0.0	598727	5070.453748456147	0.004705182	1.2
11074.700750022854	1200	36.22538230035228	0.0	487812	4873.690352256561	0.004705182	1.2
11080.592219665388	1200	34.33391265781954	0.0	575591	5891.469642532742	0.004705182	1.2
11085.869376036546	1200	33.056756286661034	0.0	605884	5277.156371158504	0.0049610245	1.2
11091.569705975884	1200	31.35642634732097	0.0	587506	5700.329939340063	0.004705182	1.2
11096.326355350226	1200	30.59977697297995	0.0	566904	4756.649374341017	0.0057115755	1.2
11100.885564978533	1200	30.0405673446733	0.0	641452	4559.209628306652	0.004705182	1.2
11104.837368749797	1200	30.08876357340775	0.0	599477	3951.8037712655514	0.004705182	1.2
11112.12320005749	1200	26.802932265714677	0.0	634861	7285.8313076930735	0.005448676	1.2
11116.88675072607	1200	26.039381597135208	0.0	630203	4763.550668579468	0.005333067	1.2
11122.899155490693	1200	24.026976832510066	0.0	638661	6012.404764625144	0.0049196924	1.2
11127.470428900671	1200	23.45570342253062	0.0	538612	4571.273409979448	0.004705182	1.2
11131.985825270827	1200	22.94030705237462	0.0	550906	4515.396370155997	0.004709473	1.2

