3320.0784053843363	750	4.0	4.127748728925795	450283	4127.748728925795	0.78754723	-16.999319534380916
3322.7023451184486	300	5.376060265887466	0.0	155580	2623.939734112534	0.163176	-0.15000000000000002
3323.818938604709	300	8.259466779627365	0.0	139857	1116.593486260102	0.005025732	0.3
3324.887299335734	300	11.19110604860217	0.0	155432	1068.3607310251944	0.009574467	0.3
3325.923757618756	300	14.154647765580098	0.0	163442	1036.4582830220731	0.16778646	0.3
3326.6617832433312	300	17.416622141005092	0.0	126289	738.0256245750018	0.46582207	0.3
3327.5481447984203	300	20.530260585915766	0.0	153295	886.3615550893251	0.20700662	0.3
3328.537957476553	300	23.540447907783108	0.0	173849	989.8126781326581	0.25557575	0.3
3329.422927576416	300	26.65547780791987	0.0	150710	884.9700998632395	0.49635383	0.3
3331.802521601554	750	28.275883782782202	0.0	362795	2379.594025137667	0.68857306	0.3
3334.162215247684	750	29.91619013665267	0.0	353220	2359.693646129534	0.030164886	0.75
3337.0600532912194	750	31.018352093117098	0.0	405134	2897.8380435355725	0.00860117	0.75
3340.241093272365	750	31.83731211197127	0.0	386351	3181.03998114583	0.006431661	0.75
3345.462672630898	750	30.61573275343862	0.0	434409	5221.5793585326455	0.0053869174	0.75
3351.04608924241	750	29.032316141926408	0.0	337059	5583.416611512213	0.034896266	0.75
3354.7823997306396	750	29.296005653696803	0.0	366214	3736.310488229602	0.13734789	0.75
3357.4288957125773	750	30.649509671758967	0.0	360831	2646.4959819378387	0.014862578	0.75
3360.0706122369565	750	32.00779314737943	0.0	372963	2641.7165243795325	0.004705182	0.75
3362.858130187259	750	33.22027519707705	0.0	405596	2787.5179503023874	0.004705182	0.75
3364.850851392268	750	35.227553992068415	0.0	350713	1992.7212050086296	0.005936814	0.75
3366.60685714187	750	37.47154824246585	0.0	386472	1756.0057496025688	0.061865706	0.75
3369.0870787313265	1200	38.99132665300966	0.0	616206	2480.2215894561896	0.656649	0.75
3371.6844941881222	1200	40.3939111962138	0.0	656471	2597.4154567958576	0.004705182	1.2
3373.667791875911	1200	42.41061350842523	0.0	536667	1983.297687788565	0.004705182	1.2
3376.039479928838	1200	44.03892545549799	0.0	587236	2371.688052927248	0.011693769	1.2
3378.2903463437774	1200	45.78805904055837	0.0	590335	2250.866414939612	0.020573054	1.2
3380.59489973297	1200	47.483505651366016	0.0	696376	2304.553389192353	0.12497034	1.2
3383.961523021252	2850	48.11688236308443	0.0	1141971	3366.623288281591	0.057449702	1.2000000000000002
3388.077679011398	2850	48.000726372938175	0.0	1498470	4116.155990146255	0.00837996	2.85
3393.341265313803	2850	46.73714007053342	0.0	1561263	5263.586302404752	0.018175008	2.85
3399.739386948377	2850	44.33901843595886	0.0	1341201	6398.121634574562	0.012388916	2.85
3404.111021134093	2850	43.967384250243406	0.0	1497683	4371.634185715457	0.004705182	2.85
3408.4972911960067	2850	43.58111418832972	0.0	1358081	4386.270061913682	0.010604898	2.85
3417.646340124084	2850	38.43206526025259	0.0	1587293	9149.048928077125	0.008877047	2.85
3427.1666410308617	2850	32.91176435347515	0.0	1492672	9520.300906777446	0.004705182	2.85
3434.5419672430025	2850	29.536438141333914	0.0	1439896	7375.326212141234	0.004705182	2.85
3441.386997250161	2850	26.691408134175475	0.0	1139291	6845.030007158439	0.004705182	2.85
3446.3324721104495	2850	25.74593327388741	0.0	1499009	4945.474860288065	0.0047299745	2.85
3451.9199058385966	2850	24.158499545740103	0.0	1427478	5587.433728147308	0.004705182	2.85
3457.429641386723	2850	22.64876399761413	0.0	1402287	5509.735548125972	0.004705182	2.85
3464.4847429966594	2850	19.593662387676996	0.0	1339500	7055.101609937135	0.004705182	2.85
3471.733499409452	2850	16.34490597488456	0.0	1527299	7248.7564127924325	0.004705182	2.85
3476.820691176576	2850	15.257714207760571	0.0	1343002	5087.191767123993	0.0047839084	2.85
3485.051718023027	2850	11.026687361309563	0.0	1587250	8231.026846451008	0.004705182	2.85
3487.6801211350635	1200	12.398284249273559	0.0	630203	2628.403112036004	0.052023333	-0.44999999999999996
3490.1583813801803	1200	13.920024004156565	0.0	638661	2478.2602451169932	0.004705182	1.2
3492.3878961813134	1200	15.690509203023828	0.0	538612	2229.5148011327365	0.16173221	1.2
3494.3246703079362	1200	17.75373507640085	0.0	550906	1936.7741266229768	0.52370065	1.2

