7070.751344272221	750	4.0	1.4326655545084757	450283	1432.6655545084757	0.004705182	-5.410461884386445
7072.110048742807	750	6.641295529414785	0.0	398865	1358.7044705852145	0.004705182	0.75
7073.498895981681	750	9.252448290540524	0.0	350812	1388.8472388742618	0.004705182	0.75
7075.0888010609415	750	11.662543211280328	0.0	382355	1589.9050792601952	0.004705182	0.75
7078.204059966495	750	12.547284305725706	0.0	411561	3115.2589055546237	0.004743801	0.75
7079.333866867475	750	15.417477404746148	0.0	318564	1129.8069009795588	0.0130961295	0.75
7080.52964743882	750	18.22169683340219	0.0	352642	1195.7805713439561	0.006872962	0.75
7082.021169792266	750	20.73017447995582	0.0	437162	1491.5223534463682	0.022945508	0.75
7083.225250897999	750	23.52609337422229	0.0	374758	1204.0811057335316	0.5806895	0.75
7084.975782676565	1200	25.775561595655887	0.0	560821	1750.531778566403	0.40082458	0.75
7086.967367951372	1200	27.783976320849774	0.0	607410	1991.5852748061109	0.0051900363	1.2
7088.888498430535	1200	29.862845841686394	0.0	594078	1921.1304791633806	0.004705182	1.2
7091.056640276876	1200	31.69470399534551	0.0	624282	2168.1418463408845	0.004705182	1.2
7093.38324115115	1200	33.36810312107112	0.0	687371	2326.600874274387	0.004705182	1.2
7095.4479564179155	1200	35.30338785430589	0.0	526950	2064.7152667652326	0.0053476566	1.2
7098.710143202641	1200	36.04120106958064	0.0	587876	3262.1867847252483	0.004705182	1.2
7101.518782404122	1200	37.23256186810019	0.0	617242	2808.639201480445	0.004705182	1.2
7103.671713828702	1200	39.079630443519584	0.0	581493	2152.9314245806095	0.004705182	1.2
7106.11121354336	1200	40.64013072886263	0.0	639204	2439.4997146569585	0.004705182	1.2
7108.314713302425	1200	42.43663096979659	0.0	586839	2203.4997590660323	0.006237347	1.2
7110.296352890168	1200	44.454991382053464	0.0	601738	1981.6395877431296	0.011664832	1.2
7112.282511684924	1200	46.46883258729765	0.0	616206	1986.1587947558112	0.07501588	1.2
7114.649682579228	1200	48.10166169299337	0.0	656471	2367.170894304284	0.56383723	1.2
7116.382080214938	1200	50.36926405728448	0.0	536667	1732.3976357088798	0.79692036	1.2
7122.774640582123	2850	47.97670369009847	0.0	1383735	6392.560367186016	0.02942838	1.2000000000000002
7127.892062083132	2850	46.859282189088795	0.0	1480464	5117.421501009675	0.004705182	2.85
7132.6903379668875	2850	46.06100630533429	0.0	1547572	4798.275883754508	0.004705182	2.85
7136.552525733047	2850	46.198818539174304	0.0	1141971	3862.1877661599874	0.004705182	2.85
7142.692936090203	2850	44.0584081820181	0.0	1498470	6140.410357156197	0.004705182	2.85
7149.108537539354	2850	41.642806732866475	0.0	1561263	6415.601449151625	0.004705182	2.85
7153.977532379288	2850	40.773811892933224	0.0	1341201	4868.994839933248	0.004705182	2.85
7158.94269816417	2850	39.80864610805221	0.0	1497683	4965.165784881021	0.004705182	2.85
7163.514404863807	2850	39.236939408415644	0.0	1358081	4571.706699636561	0.004705182	2.85
7170.69846024919	2850	36.052884023031574	0.0	1587293	7184.055385384069	0.004705182	2.85
7175.394928506294	2850	35.35641576592853	0.0	1492672	4696.468257103042	0.004705182	2.85
7179.999343432027	2850	34.75200084019517	0.0	1439896	4604.414925733365	0.004705182	2.85
7183.833166731377	2850	34.91817754084464	0.0	1139291	3833.8232993505253	0.005804972	2.85
7191.126668237638	2850	31.624676034584116	0.0	1499009	7293.501506260523	0.0068623433	2.85
7196.408765517374	2850	30.342578754847054	0.0	1427478	5282.097279737062	0.004705182	2.85
7200.948122556407	2850	29.80322171581428	0.0	1402287	4539.357039032774	0.0062628146	2.85
7205.430889691013	2850	29.320454581208043	0.0	1339500	4482.767134606239	0.007406133	2.85
7212.604164817863	2850	26.14717945435749	0.0	1527299	7173.275126850552	0.013044764	2.85
7216.95680636254	2850	25.79453790968031	0.0	1343002	4352.64154467718	0.004705182	2.85
7221.881664912415	2850	24.86967935980572	0.0	1587250	4924.8585498745915	0.015770365	2.85
7226.814798656353	2850	23.936545615867505	0.0	1464921	4933.133743938215	0.022416325	2.85
7233.547037220278	2850	21.204307051942923	0.0	1483527	6732.23856392458	0.03759008	2.85
7238.258804168087	2850	20.49254010413371	0.0	1231456	4711.766947809215	0.005585163	2.85
7243.182927193056	2850	19.56841707916507	0.0	1364537	4924.123024968641	0.009651071	2.85

