10777.088496203296	750	4.0	6.650702047500183	450283	6650.702047500184	0.04144892	-27.84801880425079
10780.296828244673	300	4.7916679586228605	0.0	155580	3208.33204137714	0.004705182	-0.15000000000000002
10783.049926023641	300	6.038570179654275	0.0	139857	2753.0977789685853	0.004705182	0.3
10786.63941535086	300	6.449080852435839	0.0	155432	3589.4893272184354	0.004705182	0.3
10790.13373861599	300	6.9547575873057905	0.0	163442	3494.323265130049	0.004705182	0.3
10791.689300691645	300	9.399195511649754	0.0	126289	1555.5620756560363	0.004705182	0.3
10793.942889396023	300	11.145606807272678	0.0	153295	2253.5887043770767	0.004705182	0.3
10796.518123207787	300	12.570372995509178	0.0	173849	2575.233811763499	0.004705182	0.3
10798.927821227568	300	14.16067497572826	0.0	150710	2409.6980197809194	0.004705182	0.3
10801.45577178874	300	15.632724414555573	0.0	139105	2527.950561172686	0.004705182	0.3
10804.182519999502	300	16.905976203793937	0.0	141840	2726.7482107616383	0.004705182	0.3
10807.06184327054	300	18.02665293275635	0.0	156148	2879.3232710375887	0.004705182	0.3
10809.094261332713	300	19.99423487058342	0.0	160746	2032.4180621729286	0.004705182	0.3
10811.53826507659	300	21.550231126707583	0.0	179801	2444.003743875837	0.004705182	0.3
10813.48271473784	300	23.605781465455838	0.0	140051	1944.4496612517448	0.004705182	0.3
10815.202449491866	300	25.886046711429653	0.0	138313	1719.7347540261871	0.0050194142	0.3
10816.847848664253	300	28.24064753904356	0.0	143509	1645.3991723860904	0.008945189	0.3
10818.532880973735	300	30.555615229561514	0.0	150616	1685.0323094820476	0.035069343	0.3
10820.399356569515	300	32.68913963378261	0.0	165384	1866.475595778906	0.13900137	0.3
10824.561184172984	750	32.52731203031244	0.0	350713	4161.827603470175	0.5335673	0.3
10829.063162039807	750	32.02533416348993	0.0	386472	4501.977866822503	0.032065824	0.75
10834.115981253752	750	30.972514949544564	0.0	399894	5052.8192139453695	0.009513542	0.75
10839.613696838713	750	29.474799364584076	0.0	401853	5497.715584960489	0.009358484	0.75
10843.14262983927	750	29.945866364024205	0.0	343800	3528.93300055987	0.009923963	0.75
10846.256572325106	750	30.831923878188817	0.0	359903	3113.9424858353896	0.004705182	0.75
10849.459152780742	750	31.629343422552083	0.0	379700	3202.5804556367316	0.004705182	0.75
10854.728304303151	750	30.360191900144414	0.0	425781	5269.1515224076675	0.006204979	0.75
10858.47984239564	750	30.608653807655386	0.0	277716	3751.538092489028	0.004705182	0.75
10862.814475713969	750	30.274020489325974	0.0	400396	4334.633318329415	0.004705182	0.75
10866.141011917212	750	30.947484286081963	0.0	400508	3326.5362032440094	0.004705182	0.75
10870.315238047007	750	30.77325815628737	0.0	358218	4174.226129794595	0.014284065	0.75
10876.022095264598	750	29.066400938697768	0.0	400322	5706.857217589601	0.006923124	0.75
10882.889645337102	750	26.198850866193865	0.0	369834	6867.550072503901	0.004705182	0.75
10887.001865414139	750	26.08663078915584	0.0	412837	4112.220077038024	0.004705182	0.75
10890.864402592973	750	26.22409361032105	0.0	401088	3862.537178834792	0.006422458	0.75
10895.63159099534	750	25.45690520795534	0.0	365161	4767.1884023657085	0.010302337	0.75
10902.833397712062	750	22.255098491232943	0.0	321064	7201.806716722394	0.007214202	0.75
10910.092375757562	750	18.99612044573234	0.0	361565	7258.978045500605	0.0067691463	0.75
10916.54899992632	750	16.539496276972617	0.0	378327	6456.624168759726	0.007658867	0.75
10920.334175964803	750	16.754320238490617	0.0	390680	3785.1760384819995	0.010217331	0.75
10923.288136728732	750	17.800359474561752	0.0	345516	2953.960763928865	0.004705182	0.75
10926.265883730028	750	18.822612473265494	0.0	384505	2977.747001296259	0.011853778	0.75
10929.06831272707	750	20.020183476223988	0.0	372093	2802.4289970415043	0.12815654	0.75
10933.534115418703	750	19.554380784591356	0.0	438281	4465.8026916326335	0.47404188	0.75
10942.813883274684	750	14.274612928610093	0.0	398987	9279.767855981261	0.1233003	0.75
10946.014777998971	300	15.07371820432257	0.0	160064	3200.8947242875215	0.6521027	-0.15000000000000002
10954.158908682324	750	10.92958752096878	0.0	331053	8144.130683353792	0.6280254	0.3
10956.090715625634	300	12.997780577658485	0.0	118421	1931.8069433102962	0.011960846	-0.15000000000000002

