9024.803218336825	750	4.0	4.277909780182569	450283	4277.909780182569	0.004705182	-17.64501205478505
9026.05220463694	300	6.75101369988408	0.0	155580	1248.98630011592	0.09704245	-0.15000000000000002
9027.596676309797	300	9.206542027029297	0.0	139857	1544.4716728547828	0.2395071	0.3
9029.367035437806	300	11.436182899020517	0.0	155432	1770.3591280087778	0.0056449003	0.3
9031.104682363813	300	13.69853597301224	0.0	163442	1737.6469260082768	0.021820009	0.3
9032.180637230887	300	16.622581105937652	0.0	126289	1075.9548670745899	0.044788565	0.3
9033.56240525189	300	19.240813084935734	0.0	153295	1381.7680210019194	0.020244475	0.3
9034.847185568291	300	21.956032768534115	0.0	173849	1284.780316401619	0.015826587	0.3
9036.028217339082	300	24.7750009977436	0.0	150710	1181.031770790515	0.06925816	0.3
9037.090519907602	300	27.712698429222556	0.0	139105	1062.30256852104	0.17381488	0.3
9038.082441493865	300	30.720776842960674	0.0	141840	991.9215862618821	0.2213619	0.3
9038.920888733765	300	33.882329603060676	0.0	156148	838.447239900004	0.6119018	0.3
9040.674040936616	750	36.12917740020991	0.0	386351	1753.152202850763	0.13476476	0.3
9042.649989122647	750	38.153229214178566	0.0	434409	1975.9481860313483	0.03895933	0.75
9044.664300545595	1200	40.1389177912298	0.0	526950	2014.3114229487594	0.44290066	0.75
9047.225040592548	1200	41.578177744277674	0.0	587876	2560.7400469521294	0.0056250324	1.2
9050.625668371827	1200	42.177549964997766	0.0	617242	3400.627779279911	0.004705182	1.2
9053.213027057353	1200	43.590191279471846	0.0	581493	2587.358685525917	0.00496489	1.2
9055.94414823261	1200	44.85907010421666	0.0	639204	2731.1211752551812	0.004705182	1.2
9058.382804880599	1200	46.420413456226555	0.0	586839	2438.65664799011	0.004705182	1.2
9061.258622155472	1200	47.54459618135174	0.0	601738	2875.817274874808	0.005471405	1.2
9063.617933453248	1200	49.185284883575946	0.0	616206	2359.311297775801	0.0055678124	1.2
9066.45244324822	1200	50.350775088604884	0.0	656471	2834.5097949710585	0.022793742	1.2
9068.391118252348	1200	52.4121000844759	0.0	536667	1938.675004128978	0.032213427	1.2
9070.380900534943	1200	54.422317801881874	0.0	587236	1989.7822825940314	0.56291276	1.2
9076.610552758617	2850	52.19266557820785	0.0	1480464	6229.6522236740175	0.102397755	1.2000000000000002
9082.596071552185	2850	50.20714678464011	0.0	1547572	5985.518793567742	0.004705182	2.85
9085.954568904343	2850	50.848649432483874	0.0	1141971	3358.497352156234	0.004705182	2.85
9090.353877950127	2850	50.44934038669939	0.0	1498470	4399.309045784479	0.004705182	2.85
9095.69742959179	2850	49.1057887450367	0.0	1561263	5343.551641662695	0.0048621646	2.85
9099.98107172193	2850	48.82214661489577	0.0	1341201	4283.6421301409255	0.004765176	2.85
9104.865319989904	2850	47.93789834692247	0.0	1497683	4884.248267973297	0.0050331224	2.85
9109.249255458128	2850	47.553962878698194	0.0	1358081	4383.935468224287	0.00706092	2.85
9115.193523563365	2850	45.609694773461364	0.0	1587293	5944.268105236829	0.0085002	2.85
9121.302897751444	2850	43.50032058538035	0.0	1492672	6109.374188081016	0.0055562267	2.85
9125.188030669375	2850	43.6151876674518	0.0	1439896	3885.1329179285544	0.0069343937	2.85
9129.443240226026	2850	43.35997811079919	0.0	1139291	4255.209556652611	0.097447634	2.85
9134.629675417842	2850	42.17354291898311	0.0	1499009	5186.435191816073	0.011266207	2.85
9138.625176473395	2850	42.178041863430444	0.0	1427478	3995.5010555526687	0.03393991	2.85
9143.467845001287	2850	41.33537333553915	0.0	1402287	4842.668527891292	0.16809455	2.85
9148.714684121072	2850	40.088534215755224	0.0	1339500	5246.839119783927	0.15309325	2.85
9154.803192965184	2850	38.00002537164416	0.0	1527299	6088.508844111059	0.04301111	2.85
9159.150010238507	2850	37.65320809831908	0.0	1343002	4346.817273325089	0.07091818	2.85
9166.171187953083	2850	34.632030383744805	0.0	1587250	7021.177714574269	0.26472205	2.85
9171.615797381826	2850	33.18742095500228	0.0	1464921	5444.609428742527	0.018688753	2.85
9176.09174359302	2850	32.71147474380729	0.0	1483527	4475.946211194994	0.1020077	2.85
9183.063206264975	4300	29.740012071852274	0.0	1961140	6971.462671955011	0.3521858	2.8499999999999996
9189.337439711802	4300	27.46577862502588	0.0	2155012	6274.233446826394	0.02364113	4.3

