1380.4880510512041	750	4.0	1.3915974527875299	450283	1391.5974527875298	0.004705182	-5.233869046986379
1381.7993775951056	750	6.688673456098364	0.0	398865	1311.3265439016354	0.004705182	0.75
1383.2249409364326	750	9.26311011477146	0.0	350812	1425.5633413269038	0.004705182	0.75
1384.696245788219	750	11.791805262985298	0.0	382355	1471.3048517861628	0.004705182	0.75
1386.1499766450324	750	14.33807440617169	0.0	411561	1453.7308568136064	0.0075707883	0.75
1387.3758558589707	750	17.11219519223342	0.0	318564	1225.8792139382724	0.046508607	0.75
1388.5475244392399	750	19.940526611964195	0.0	352642	1171.6685802692216	0.028901435	0.75
1390.0181000537582	750	22.469950997446	0.0	437162	1470.5756145181995	0.23237415	0.75
1392.242206664746	1200	24.245844386458145	0.0	584846	2224.1066109878525	0.3385996	0.75
1393.9933634262159	1200	26.49468762498822	0.0	560821	1751.1567614699275	0.017555332	1.2
1395.6419530403095	1200	28.846098010894586	0.0	607410	1648.589614093633	0.00538064	1.2
1397.4846977818054	1200	31.003353269398666	0.0	594078	1842.7447414959222	0.004705182	1.2
1399.4141062075412	1200	33.073944843663	0.0	624282	1929.408425735669	0.004705182	1.2
1401.7078626027321	1200	34.780188448471975	0.0	687371	2293.7563951910215	0.0049093054	1.2
1403.7853269403415	1200	36.70272411086258	0.0	526950	2077.4643376093964	0.009138533	1.2
1406.012147163316	1200	38.47590388788804	0.0	587876	2226.8202229745402	0.0051521575	1.2
1408.3382628507443	1200	40.149788200459895	0.0	617242	2326.1156874281432	0.0056863017	1.2
1410.4848838824873	1200	42.00316716871661	0.0	581493	2146.6210317432824	0.0137111265	1.2
1413.3312302257007	1200	43.15682082550328	0.0	639204	2846.346343213325	0.016131707	1.2
1416.383759505704	1200	44.10429154550013	0.0	586839	3052.529280003145	0.010405273	1.2
1418.6928933190402	1200	45.79515773216355	0.0	601738	2309.1338133365807	0.00638946	1.2
1420.9539355008744	1200	47.53411555032955	0.0	616206	2261.042181834007	0.015113038	1.2
1423.6771213466009	1200	48.810929704603254	0.0	656471	2723.1858457263	0.046075847	1.2
1426.1448986159262	1200	50.34315243527777	0.0	536667	2467.777269325481	0.10015581	1.2
1428.6359228317356	1200	51.85212821946842	0.0	587236	2491.0242158093565	0.074322954	1.2
1430.7363916476	1200	53.751659403604215	0.0	590335	2100.4688158642	0.45813596	1.2
1436.3703611308636	2850	52.11768992034033	0.0	1547572	5633.969483263885	0.3037949	1.2000000000000002
1441.2627622879224	2850	51.22528876328154	0.0	1141971	4892.401157058792	0.004705182	2.85
1447.7333698279674	2850	48.75468122323655	0.0	1498470	6470.607540044983	0.004705182	2.85
1453.842313315876	2850	46.64573773532787	0.0	1561263	6108.943487908684	0.004705182	2.85
1459.0223896198706	2850	45.46566143133325	0.0	1341201	5180.076303994621	0.004705182	2.85
1463.993271567289	2850	44.49477948391474	0.0	1497683	4970.881947418517	0.004705182	2.85
1468.808339725019	2850	43.67971132618461	0.0	1358081	4815.068157730129	0.004705182	2.85
1474.1561354947146	2850	42.331915556489214	0.0	1587293	5347.795769695397	0.004705182	2.85
1480.0850770337054	2850	40.4029740174986	0.0	1492672	5928.941538990615	0.004705182	2.85
1485.3458828239118	2850	39.142168227292295	0.0	1439896	5260.805790206308	0.004705182	2.85
1489.405094967436	2850	39.08295608376801	0.0	1139291	4059.212143524281	0.005944897	2.85
1494.0342707860627	2850	38.45378026514134	0.0	1499009	4629.175818626675	0.005394449	2.85
1499.7829764455573	2850	36.70507460564688	0.0	1427478	5748.705659494455	0.024175579	2.85
1505.9243616861413	2850	34.56368936506301	0.0	1402287	6141.385240583862	0.0069203633	2.85
1510.7579478089356	2850	33.73010324226874	0.0	1339500	4833.586122794277	0.006519568	2.85
1515.6547995397655	2850	32.8332515114386	0.0	1527299	4896.851730830146	0.009299214	2.85
1521.8267568874205	2850	30.661294163783598	0.0	1343002	6171.957347655	0.04522328	2.85
1531.8521273175033	2850	24.63592373370082	0.0	1587250	10025.370430082778	0.005416922	2.85
1538.0706358326245	2850	22.417415218579563	0.0	1464921	6218.508515121255	0.009300649	2.85
1543.9815152953392	2850	20.506535755864867	0.0	1483527	5910.8794627146945	0.004705182	2.85
1548.0645871711672	2850	20.423463880036913	0.0	1231456	4083.0718758279545	0.004705182	2.85
1554.1875627804125	2850	18.300488270791654	0.0	1364537	6122.975609245261	0.004705182	2.85

