19485.92937708923	750	4.0	4.549356298858494	450283	4549.356298858494	0.0047219885	-18.812232085091523
19487.416186165217	300	6.513190924009408	0.0	155580	1486.8090759905917	0.039645005	-0.15000000000000002
19488.33712912871	300	9.59224796051802	0.0	139857	920.942963491389	0.04562994	0.3
19489.493506775743	300	12.435870313484033	0.0	155432	1156.3776470339874	0.04072202	0.3
19490.790030243694	300	15.139346845534478	0.0	163442	1296.5234679495547	0.18506034	0.3
19491.8329676153	300	18.096409473928528	0.0	126289	1042.9373716059465	0.22116587	0.3
19493.004421515376	300	20.92495557385248	0.0	153295	1171.4539000760503	0.059986614	0.3
19494.51366628854	300	23.415710800687318	0.0	173849	1509.244773165163	0.07201388	0.3
19495.820225526484	300	26.109151562739722	0.0	150710	1306.5592379475927	0.08380724	0.3
19499.283399684224	750	26.645977405002427	0.0	362795	3463.1741577372973	0.23417337	0.3
19502.427761277213	750	27.501615812014617	0.0	353220	3144.3615929878115	0.59765327	0.75
19505.92498853104	750	28.004388558190485	0.0	405134	3497.2272538241336	0.30507588	0.75
19509.244228428706	750	28.68514866052339	0.0	386351	3319.239897667095	0.17303725	0.75
19513.204124805274	750	28.72525228395317	0.0	434409	3959.8963765702165	0.038549192	0.75
19516.45356878031	750	29.475808308919262	0.0	337059	3249.443975033907	0.02758529	0.75
19520.35882895403	750	29.570548135200102	0.0	366214	3905.26017371916	0.011183154	0.75
19524.976302575746	750	28.953074513484513	0.0	360831	4617.473621715588	0.007499611	0.75
19528.23445352087	750	29.694923568359467	0.0	372963	3258.1509451250454	0.0103322435	0.75
19531.538670476042	750	30.39070661318733	0.0	405596	3304.216955172139	0.004705182	0.75
19535.2578017304	750	30.67157535882587	0.0	350713	3719.131254361457	0.004705182	0.75
19539.72178642943	750	30.207590659801195	0.0	386472	4463.984699024675	0.004705182	0.75
19544.434483501464	750	29.49489358776623	0.0	399894	4712.697072034965	0.004705182	0.75
19547.762948305775	750	30.16642878345593	0.0	401853	3328.464804310296	0.004705182	0.75
19550.324659878162	750	31.60471721106811	0.0	343800	2561.711572387823	0.004705182	0.75
19552.78160839555	750	33.14776869367705	0.0	359903	2456.9485173910666	0.005363756	0.75
19555.693535690945	750	34.23584139828117	0.0	379700	2911.92729539588	0.025646022	0.75
19558.968474845133	750	34.960902244092914	0.0	425781	3274.9391541882565	0.042092767	0.75
19561.147698481866	750	36.7816786073624	0.0	277716	2179.2236367305086	0.15121523	0.75
19564.392546171603	750	37.53683091762627	0.0	400396	3244.8476897361343	0.19407706	0.75
19567.22016427032	750	38.709212818910466	0.0	400508	2827.618098715808	0.31845325	0.75
19569.7481423347	750	40.181234754527374	0.0	358218	2527.9780643830914	0.59442115	0.75
19574.780890065227	1200	39.14848702400352	0.0	620283	5032.74773052385	0.31398553	0.75
19580.101662521356	1200	37.82771456787619	0.0	584349	5320.772456127326	0.008060648	1.2
19585.578234821933	1200	36.3511422672974	0.0	670129	5476.572300578799	0.010662335	1.2
19595.996872207154	1200	29.93250488207734	0.0	690253	10418.637385220063	0.0064481976	1.2
19604.265149409406	1200	25.664227679823554	0.0	598727	8268.277202253781	0.64096355	1.2
19609.651699526326	1200	24.27767756290547	0.0	487812	5386.5501169180825	0.6705659	1.2
19613.80720777922	750	24.122169310008676	0.0	361565	4155.508252896796	0.68302757	0.3
19617.26228173827	750	24.667095350961265	0.0	378327	3455.0739590474113	0.036028087	0.75
19620.347317024163	750	25.582060065066447	0.0	390680	3085.035285894822	0.20239177	0.75
19623.08481775781	750	26.844559331422712	0.0	345516	2737.500733643733	0.68280125	0.75
19629.266692880363	1200	24.66268420886724	0.0	641452	6181.875122555471	0.62691635	0.75
19635.089719422984	1200	22.83965766624372	0.0	599477	5823.026542623522	0.07593638	1.2
19643.62353433528	1200	18.3058427539521	0.0	634861	8533.814912291622	0.05908036	1.2
19655.75459849155	1200	10.17477859768238	0.0	630203	12131.06415626972	0.6339634	1.2
19657.440931160978	300	12.488445928253316	0.0	160064	1686.3326694290624	0.0058482434	-0.6000000000000001
19660.94567730601	750	12.983699783224226	0.0	331053	3504.7461450290907	0.5823508	0.3
19664.70971121959	750	13.219665869640345	0.0	314107	3764.0339135838826	0.0104989605	0.75

