20367.14848788791	750	4.0	6.8100179178166504	450283	6810.017917816651	0.6873356	-28.533077046611595
20368.312803188226	300	6.835684699681131	0.0	155580	1164.3153003188686	0.004705182	-0.15000000000000002
20369.27093673965	300	9.877551148259398	0.0	139857	958.1335514217336	0.046987955	0.3
20370.40000018254	300	12.748487705369673	0.0	155432	1129.0634428897242	0.0065274425	0.3
20371.694777321194	300	15.453710566715028	0.0	163442	1294.7771386546447	0.06514968	0.3
20373.96639484064	750	17.182093047266804	0.0	318564	2271.6175194482216	0.13305801	0.3
20375.089398468393	300	20.05908941951545	0.0	153295	1123.0036277513577	0.4938421	-0.15000000000000002
20376.345455693783	300	22.80303219412907	0.0	173849	1256.0572253863759	0.05087191	0.3
20377.47664799659	300	25.671839891320595	0.0	150710	1131.19230280848	0.07342126	0.3
20380.110348153074	750	27.03813973483505	0.0	362795	2633.7001564855454	0.4183917	0.3
20382.680653761865	750	28.467834126043286	0.0	353220	2570.305608791762	0.17655754	0.75
20386.376584877547	750	28.771903010360152	0.0	405134	3695.931115683134	0.044113565	0.75
20389.585792115573	750	29.56269577233439	0.0	386351	3209.2072380257596	0.068896115	0.75
20392.82137363956	750	30.327114248348703	0.0	434409	3235.581523985688	0.01349396	0.75
20395.635322166432	750	31.513165721475037	0.0	337059	2813.9485268736635	0.006960582	0.75
20398.40762082691	750	32.74086706099634	0.0	366214	2772.2986604786993	0.004801632	0.75
20401.36800395893	750	33.780483928979706	0.0	360831	2960.3831320166314	0.004705182	0.75
20404.932974191473	750	34.2155136964359	0.0	372963	3564.970232543811	0.004705182	0.75
20409.754482249267	750	33.394005638639456	0.0	405596	4821.508057796437	0.004705182	0.75
20414.551093676928	750	32.597394210978365	0.0	350713	4796.611427661092	0.004705182	0.75
20418.082787086532	750	33.065700801374234	0.0	386472	3531.693409604138	0.004705182	0.75
20421.79333104568	750	33.355156842225114	0.0	399894	3710.5439591491127	0.004705182	0.75
20425.872498150846	750	33.27598973706154	0.0	401853	4079.167105163572	0.004705182	0.75
20429.383823966342	750	33.76466392156111	0.0	343800	3511.3258155004364	0.004705182	0.75
20432.658248719097	750	34.49023916880703	0.0	359903	3274.4247527540783	0.004705182	0.75
20436.464383088904	750	34.68410479899682	0.0	379700	3806.1343698102073	0.007076376	0.75
20440.16084615758	750	34.987641730322444	0.0	425781	3696.463068674381	0.006125271	0.75
20442.772498779406	750	36.37598910849791	0.0	277716	2611.6526218245344	0.024033278	0.75
20448.50375968396	750	34.644728203940524	0.0	400396	5731.26090455738	0.027679624	0.75
20453.230202780964	750	33.918285106942406	0.0	400508	4726.44309699812	0.005789616	0.75
20457.11430814631	750	34.034179741595544	0.0	358218	3884.1053653468634	0.011944371	0.75
20461.38309733925	750	33.76539054865627	0.0	400322	4268.789192939274	0.017815376	0.75
20465.72192576494	750	33.426562122964285	0.0	369834	4338.828425691982	0.026734166	0.75
20474.298347305077	750	28.850140582828498	0.0	412837	8576.421540135785	0.02540957	0.75
20482.513241604196	750	24.635246283710018	0.0	401088	8214.894299118481	0.004705182	0.75
20486.08023273541	750	25.068255152498885	0.0	365161	3566.9911312111312	0.004860482	0.75
20488.273684471576	750	26.874803416331748	0.0	321064	2193.4517361671387	0.008174135	0.75
20492.51615787361	750	26.63233001429579	0.0	361565	4242.473402035958	0.10801592	0.75
20495.33108571247	750	27.817402175436342	0.0	378327	2814.9278388594466	0.048763704	0.75
20499.118264130087	1200	28.030223757819194	0.0	587506	3787.1784176171514	0.6848711	0.75
20502.43751459744	1200	28.71097329046413	0.0	566904	3319.250467355066	0.004837025	1.2
20506.68497289899	1200	28.46351498891443	0.0	641452	4247.4583015496955	0.004705182	1.2
20511.47703074931	1200	27.67145713859323	0.0	599477	4792.057850321202	0.004705182	1.2
20516.698062644307	1200	26.450425243598133	0.0	634861	5221.031894995094	0.004720558	1.2
20522.491791523516	1200	24.656696364387003	0.0	630203	5793.7288792111285	0.0047465432	1.2
20527.12234570982	1200	24.02614217808511	0.0	638661	4630.554186301894	0.0047081616	1.2
20532.174704063214	1200	22.97378382469027	0.0	538612	5052.35835339484	0.005041791	1.2
20536.309232852003	1200	22.839255035900432	0.0	550906	4134.5287887898385	0.0047224653	1.2

