20539.442080007826	750	4.0	3.1328471558220468	450283	3132.8471558220467	0.004705182	-12.7212427700348
20541.898808475657	750	5.54327153216687	0.0	398865	2456.72846783313	0.31799632	0.75
20543.937468405762	750	7.504611602065916	0.0	350812	2038.6599301009546	0.063672245	0.75
20546.367392049186	750	9.074687958642482	0.0	382355	2429.923643423433	0.4446419	0.75
20549.1674767666	750	10.27460324122569	0.0	411561	2800.084717416791	0.23280019	0.75
20551.37104792633	750	12.071032081493824	0.0	318564	2203.571159731866	0.10747172	0.75
20554.581292777188	750	12.860787230638103	0.0	352642	3210.2448508557204	0.42123207	0.75
20556.07811715453	300	15.363962853295895	0.0	173849	1496.8243773422082	0.4928311	-0.15000000000000002
20557.336847150484	300	18.10523285734345	0.0	150710	1258.7299959524466	0.08232274	0.3
20558.574323892073	300	20.86775611575225	0.0	139105	1237.4767415912	0.08959574	0.3
20559.850037013894	300	23.592042993931997	0.0	141840	1275.713121820252	0.08120793	0.3
20561.22305042553	300	26.21902958229353	0.0	156148	1373.013411638467	0.07472354	0.3
20562.6578282231	300	28.784251784726354	0.0	160746	1434.7777975671736	0.11401214	0.3
20566.759418448142	750	28.682661559679996	0.0	434409	4101.5902250463605	0.28947037	0.3
20569.26685491022	750	30.175225097602855	0.0	337059	2507.436462077142	0.24140069	0.75
20571.78954138774	750	31.652538620085128	0.0	366214	2522.686477517727	0.016447777	0.75
20575.57563429022	750	31.866445717604215	0.0	360831	3786.092902480913	0.0051533743	0.75
20578.39900813626	750	33.0430718715638	0.0	372963	2823.373846040418	0.0073472233	0.75
20581.769767081394	750	33.672312926430095	0.0	405596	3370.758945133701	0.004705182	0.75
20584.879364245215	750	34.56271576261097	0.0	350713	3109.5971638191304	0.004705182	0.75
20587.66908543726	750	35.77299457056352	0.0	386472	2789.7211920474488	0.004722047	0.75
20590.733396374468	750	36.70868363335787	0.0	399894	3064.3109372056547	0.008902064	0.75
20593.58387177161	750	37.85820823621597	0.0	401853	2850.4753971418977	0.022269186	0.75
20596.30471719746	750	39.13736281036408	0.0	343800	2720.8454258518937	0.105391756	0.75
20599.20945342515	750	40.23262658268159	0.0	359903	2904.736227682491	0.09194309	0.75
20602.778939086453	750	40.663140921375884	0.0	379700	3569.485661305703	0.24488881	0.75
20606.12296174636	750	41.319118261468454	0.0	425781	3344.022659907428	0.15227331	0.75
20608.628460790405	750	42.81361921742413	0.0	277716	2505.499044044323	0.65678763	0.75
20612.155463156836	750	43.286616850997106	0.0	400396	3527.00236642703	0.5497282	0.75
20618.230084299707	1200	41.21199570812486	0.0	641447	6074.6211428722445	0.6934422	0.75
20622.50294526729	1200	40.93913474053967	0.0	570392	4272.860967585187	0.034538064	1.2
20626.168224584977	1200	41.273855422851824	0.0	620283	3665.2793176878477	0.007101258	1.2
20629.607491578114	1200	41.83458842971767	0.0	584349	3439.2669931341597	0.004705182	1.2
20634.396991353064	1200	41.0450886547658	0.0	670129	4789.499774951869	0.004705182	1.2
20640.319750603154	1200	39.12232940467622	0.0	690253	5922.759250089578	0.004705182	1.2
20645.598257357397	1200	37.8438226504333	0.0	598727	5278.506754242923	0.004705182	1.2
20649.90152704359	1200	37.54055296424159	0.0	487812	4303.269686191709	0.004705182	1.2
20653.86059624265	1200	37.58148376517843	0.0	575591	3959.069199063164	0.004705182	1.2
20659.599667457947	1200	35.842412549883846	0.0	605884	5739.071215294586	0.004705182	1.2
20664.264443023374	1200	35.17763698445634	0.0	587506	4664.775565427499	0.004705182	1.2
20668.639446069	1200	34.802633938831256	0.0	566904	4375.003045625088	0.005206719	1.2
20673.53347303936	1200	33.908606968471894	0.0	641452	4894.026970359357	0.0052353987	1.2
20678.001913938275	1200	33.440166069554714	0.0	599477	4468.440898917185	0.0063422606	1.2
20683.35669387459	1200	32.08538613324216	0.0	634861	5354.779936312552	0.007197232	1.2
20688.530471736398	1200	30.91160827143647	0.0	630203	5173.777861805688	0.007891442	1.2
20694.148984480285	1200	29.293095527549344	0.0	638661	5618.512743887129	0.008556228	1.2
20699.23530172572	1200	28.206778282113618	0.0	538612	5086.317245435726	0.0074852128	1.2
20703.624225458178	1200	27.81785454965571	0.0	550906	4388.923732457907	0.0047128103	1.2

