13391.624750921004	750	4.0	7.229722006325715	450283	7229.722006325715	0.13332961	-30.337804627200573
13394.107318887749	300	5.517432033254713	0.0	155580	2482.567966745287	0.004705182	-0.15000000000000002
13396.357996863753	300	7.266754057251941	0.0	139857	2250.6779760027725	0.004705182	0.3
13399.641811467833	300	7.982939453173061	0.0	155432	3283.8146040788806	0.004705182	0.3
13403.54275396766	300	8.081996953345817	0.0	163442	3900.9424998272434	0.004705182	0.3
13406.35953911887	300	9.265211802135669	0.0	126289	2816.785151210147	0.004705182	0.3
13409.606736317388	300	10.018014603615459	0.0	153295	3247.1971985202117	0.004705182	0.3
13412.16844312141	300	11.456307799592997	0.0	173849	2561.706804022462	0.004705182	0.3
13414.092323742629	300	13.532427178375375	0.0	150710	1923.8806212176214	0.004705182	0.3
13415.888445912366	300	15.736305008638867	0.0	139105	1796.1221697365083	0.004705182	0.3
13424.0346819778	1850	11.590068943203455	0.0	939819	8146.23606543541	0.004705182	0.30000000000000004
13425.25872519724	300	14.366025723763993	0.0	156148	1224.0432194394643	0.051085103	-1.25
13426.435297542746	300	17.189453378256736	0.0	160746	1176.572345507257	0.005449854	0.3
13428.958409038452	300	18.66634188255233	0.0	179801	2523.1114957044083	0.008953014	0.3
13430.824069794608	300	20.800681126396498	0.0	140051	1865.6607561558299	0.005023555	0.3
13432.23881545154	300	23.385935469465597	0.0	138313	1414.7456569309034	0.011296547	0.3
13433.419369309904	300	26.205381611102254	0.0	143509	1180.5538583633434	0.023609523	0.3
13434.57379652382	300	29.05095439718663	0.0	150616	1154.4272139156253	0.07464334	0.3
13435.839757417565	300	31.78499350344133	0.0	165384	1265.960893745299	0.4866617	0.3
13439.027848320828	750	32.59690260017975	0.0	350713	3188.09090326158	0.28429806	0.3
13442.469225603492	750	33.15552531751424	0.0	386472	3441.3772826655077	0.005123924	0.75
13447.481175491776	750	32.143575429231646	0.0	399894	5011.949888282597	0.004705182	0.75
13453.789167078137	750	29.835583842870147	0.0	401853	6307.991586361497	0.0052855397	0.75
13460.37278367677	750	27.25196724423833	0.0	343800	6583.616598631817	0.015597525	0.75
13464.998075993886	750	26.626674927121122	0.0	359903	4625.292317117209	0.13205266	0.75
13467.963740660269	750	27.661010260738973	0.0	379700	2965.664666382148	0.008633619	0.75
13473.531653014958	750	26.093097906049238	0.0	425781	5567.9123546897345	0.004705182	0.75
13478.481988536878	750	25.142762384128957	0.0	277716	4950.335521920282	0.004705182	0.75
13487.611873787682	750	20.012877133324093	0.0	400396	9129.885250804866	0.006608199	0.75
13489.35980091026	300	22.264950010746116	0.0	149029	1747.9271225779753	0.6819365	-0.15000000000000002
13495.167391525945	750	20.4573593950611	0.0	358218	5807.590615685018	0.3398705	0.3
13499.12555458115	750	20.49919633985653	0.0	400322	3958.1630552045735	0.12800182	0.75
13502.500711271261	750	21.12403964974388	0.0	369834	3375.1566901126466	0.005771103	0.75
13507.447141831626	750	20.17760908938075	0.0	412837	4946.430560363132	0.004705182	0.75
13511.617940065364	750	20.00681085564249	0.0	401088	4170.798233738258	0.005483799	0.75
13514.635946261467	750	20.98880465953789	0.0	365161	3018.006196104602	0.004705182	0.75
13518.309595064575	750	21.315155856431133	0.0	321064	3673.6488031067565	0.00790055	0.75
13524.510076819819	750	19.114674101187354	0.0	361565	6200.481755243781	0.005688319	0.75
13531.158827642636	750	16.46592327836874	0.0	378327	6648.7508228186125	0.0091020055	0.75
13539.837451492593	750	11.787299428412231	0.0	390680	8678.62384995651	0.04909162	0.75
13542.336438686756	300	13.288312234249164	0.0	147968	2498.9871941630668	0.011060095	-0.15000000000000002
13544.394031211303	300	15.230719709701958	0.0	161857	2057.5925245472063	0.046528097	0.3
13546.255668729413	300	17.369082191592067	0.0	145210	1861.637518109892	0.21926978	0.3
13550.937050237188	750	16.68770068381781	0.0	438281	4681.381507774258	0.67377824	0.3
13553.919079482355	750	17.705671438649595	0.0	398987	2982.0292451682153	0.0063874456	0.75
13556.88829543307	750	18.736455487936166	0.0	393804	2969.21595071343	0.078945994	0.75
13560.942322091103	750	18.682428829902506	0.0	331053	4054.026658033657	0.3300849	0.75
13563.968100438527	750	19.65665048247717	0.0	314107	3025.7783474253365	0.015241095	0.75

