5470.662440376462	750	4.0	2.7857807865153212	450283	2785.7807865153213	0.010666196	-11.228857382015882
5473.062662487702	750	5.599777888758914	0.0	398865	2400.222111241086	0.059363596	0.75
5474.472824915144	750	8.189615461318068	0.0	350812	1410.162427440845	0.033313833	0.75
5476.1863809806255	750	10.476059395835795	0.0	382355	1713.5560654822739	0.0083816	0.75
5478.655049845594	750	12.007390530867891	0.0	411561	2468.668864967904	0.009595348	0.75
5480.068845954768	750	14.593594421693368	0.0	318564	1413.7961091745235	0.021950759	0.75
5481.687327577784	750	16.975112798676733	0.0	352642	1618.4816230166339	0.021604365	0.75
5483.497612443716	750	19.164827932744867	0.0	437162	1810.2848659318668	0.026122872	0.75
5485.324445440198	750	21.33799493626301	0.0	374758	1826.8329964818597	0.0074077696	0.75
5487.042119561044	750	23.620320815417	0.0	362795	1717.674120846009	0.006756366	0.75
5488.606666309085	750	26.055774067377058	0.0	353220	1564.5467480399427	0.009607797	0.75
5490.633796874887	750	28.028643501575573	0.0	405134	2027.1305658014821	0.02731165	0.75
5492.678726900378	750	29.983713476083366	0.0	386351	2044.930025492209	0.035054125	0.75
5495.20865516612	750	31.453785210342204	0.0	434409	2529.928265741162	0.052158736	0.75
5497.232320671216	750	33.430119705245396	0.0	337059	2023.665505096813	0.06320435	0.75
5498.878993823818	750	35.783446552644456	0.0	366214	1646.6731526009353	0.057062823	0.75
5502.686263713416	1200	35.976176663045415	0.0	617242	3807.2698895990393	0.6736313	0.75
5505.810500725184	1200	36.851939651277156	0.0	581493	3124.237011768259	0.12571704	1.2
5508.826261735565	1200	37.83617864089699	0.0	639204	3015.7610103801703	0.028751917	1.2
5511.569578540079	1200	39.092861836382305	0.0	586839	2743.316804514682	0.005830161	1.2
5514.567106761612	1200	40.09533361484918	0.0	601738	2997.528221533121	0.004705182	1.2
5517.743221524881	1200	40.91921885158032	0.0	616206	3176.114763268862	0.004705182	1.2
5520.983234492786	1200	41.679205883675266	0.0	656471	3240.0129679050547	0.004705182	1.2
5523.715376465159	1200	42.947063911302415	0.0	536667	2732.1419723728513	0.004705182	1.2
5526.15735378562	1200	44.50508659084136	0.0	587236	2441.977320461051	0.004705182	1.2
5528.959767626392	1200	45.702672750069944	0.0	590335	2802.41384077142	0.008346876	1.2
5532.396694373426	1200	46.265746003035254	0.0	696376	3436.9267470346886	0.009328724	1.2
5534.882513934083	1200	47.77992644237786	0.0	487160	2485.8195606573922	0.026104148	1.2
5537.6844810760285	1200	48.97795930043265	0.0	622896	2801.9671419452034	0.019531675	1.2
5542.043753443561	1200	48.61868693289966	0.0	641447	4359.272367533002	0.113494314	1.2
5545.053394439739	1200	49.609045936721756	0.0	570392	3009.640996177898	0.016311321	1.2
5548.057348726987	1200	50.60509164947402	0.0	620283	3003.9542872477405	0.06392786	1.2
5551.649679957497	1200	51.01276041896402	0.0	584349	3592.331230509996	0.63680625	1.2
5556.996464115024	1200	49.665976261437145	0.0	670129	5346.784157526879	0.14716615	1.2
5562.565520580146	1200	48.096919796314815	0.0	690253	5569.056465122325	0.014991816	1.2
5566.730583171112	1200	47.93185720534836	0.0	598727	4165.062590966458	0.014092675	1.2
5569.413873228284	1200	49.24856714817649	0.0	487812	2683.290057171872	0.033972204	1.2
5571.949502309321	1200	50.712938067138865	0.0	575591	2535.6290810376254	0.059265938	1.2
5578.6698887043485	2850	47.99255167211189	0.0	1427478	6720.386395026978	0.23022285	1.2000000000000002
5585.050167782807	2850	45.61227259365371	0.0	1402287	6380.279078458172	0.004705182	2.85
5591.0270278098	2850	43.63541256666049	0.0	1339500	5976.860026993224	0.004705182	2.85
5600.508044111253	2850	38.154396265207225	0.0	1527299	9481.016301453265	0.004705182	2.85
5609.672452184608	2850	32.98998819185177	0.0	1343002	9164.408073355453	0.004705182	2.85
5625.392209984835	2850	21.27023039162434	0.0	1587250	15719.757800227433	0.004705182	2.85
5628.702188987388	750	21.960251389072518	0.0	398987	3309.979002551825	0.004705182	-1.35
5635.68625426916	1200	18.976186107300325	0.0	638661	6984.065281772192	0.013983168	0.75
5641.281186697394	1200	17.38125367906494	0.0	538612	5594.9324282353855	0.004705182	1.2
5645.7786149561425	1200	16.88382542031679	0.0	550906	4497.42825874815	0.007562275	1.2

