15358.687593019287	750	4.0	4.594934407378574	450283	4594.934407378574	0.022209413	-19.008217951727868
15359.67105573077	300	7.016537288516239	0.0	155580	983.462711483761	0.0344396	-0.15000000000000002
15362.298006548468	750	8.38958647082037	0.0	350812	2626.950817695868	0.69574845	0.3
15364.292834594315	300	10.39475842497345	0.0	155432	1994.8280458469192	0.2924093	-0.15000000000000002
15366.725593083904	300	11.96199993538532	0.0	163442	2432.7584895881305	0.021560816	0.3
15367.913631861387	300	14.773961157902171	0.0	126289	1188.0387774831495	0.013182841	0.3
15369.076764464215	300	17.610828555074548	0.0	153295	1163.1326028276221	0.0127693415	0.3
15370.669637692696	300	20.0179553265929	0.0	173849	1592.873228481647	0.027785946	0.3
15372.588968880467	300	22.09862413882126	0.0	150710	1919.3311877716394	0.018730799	0.3
15374.42155673903	300	24.266036280259282	0.0	139105	1832.5878585619803	0.022696039	0.3
15376.525739321156	300	26.161853698133026	0.0	141840	2104.182582126259	0.017438916	0.3
15378.766825153805	300	27.920767865484	0.0	156148	2241.0858326490265	0.015112656	0.3
15381.17692350534	300	29.510669513948937	0.0	160746	2410.09835153506	0.015746811	0.3
15384.909918795696	300	29.77767422359306	0.0	179801	3732.9952903558765	0.019339629	0.3
15388.431889060941	300	30.25570395834735	0.0	140051	3521.970265245714	0.01273502	0.3
15391.32791372969	300	31.359679289597903	0.0	138313	2896.024668749448	0.01068792	0.3
15393.233966554562	300	33.45362646472586	0.0	143509	1906.0528248720454	0.020858802	0.3
15394.701083111388	300	35.986509907900164	0.0	150616	1467.1165568256963	0.08822183	0.3
15398.082876250135	750	36.60471676915148	0.0	405596	3381.7931387486897	0.6289157	0.3
15401.175534206277	750	37.5120588130104	0.0	350713	3092.657956141078	0.004705182	0.75
15405.200757488823	750	37.486835530463786	0.0	386472	4025.223282546614	0.004705182	0.75
15410.077023029678	750	36.61056998960927	0.0	399894	4876.265540854515	0.004705182	0.75
15414.283762939978	750	36.40383007930879	0.0	401853	4206.73991030048	0.004705182	0.75
15421.608216062137	750	33.07937695714953	0.0	343800	7324.453122159264	0.004705182	0.75
15432.336820242506	750	26.350772776781383	0.0	359903	10728.604180368142	0.005044071	0.75
15436.696487663914	300	25.99110535537379	0.0	153938	4359.667421407595	0.6418328	-0.15000000000000002
15442.318314211101	300	24.369278808186905	0.0	181901	5621.826547186888	0.3332245	0.3
15444.51907141265	300	26.168521606637846	0.0	111155	2200.7572015490573	0.3246364	0.3
15446.18525487284	300	28.50233814644786	0.0	153605	1666.1834601899857	0.21862005	0.3
15447.414267256567	300	31.273325762720404	0.0	149029	1229.0123837274552	0.60970265	0.3
15450.323269310386	750	32.36432370890346	0.0	358218	2909.002053816941	0.025230007	0.3
15453.622830577338	750	33.06476244194999	0.0	400322	3299.5612669534767	0.016170233	0.75
15458.762715473109	750	31.924877546177495	0.0	369834	5139.8848957724895	0.03421901	0.75
15461.60604368602	750	33.08154933326648	0.0	412837	2843.328212911017	0.0063795843	0.75
15464.341147010777	750	34.3464460085109	0.0	401088	2735.1033247555774	0.47915596	0.75
15468.310983233201	1200	34.37660978608694	0.0	598727	3969.836222423961	0.6773759	0.75
15471.470107121473	1200	35.2174858978144	0.0	487812	3159.123888272546	0.0048034918	1.2
15475.31554275466	1200	35.37205026462552	0.0	575591	3845.4356331888753	0.004705182	1.2
15479.305143359306	1200	35.38244965997979	0.0	605884	3989.6006046457246	0.00634167	1.2
15482.511661999879	1200	36.17593101940741	0.0	587506	3206.518640572384	0.0074434252	1.2
15485.694702859279	1200	36.99289016000718	0.0	566904	3183.0408594002292	0.028765334	1.2
15490.143438813235	1200	36.54415420605016	0.0	641452	4448.735953957016	0.07128733	1.2
15494.311284252233	1200	36.37630876705189	0.0	599477	4167.845438998276	0.07498786	1.2
15498.433247391835	1200	36.254345627451116	0.0	634861	4121.96313960077	0.09240884	1.2
15502.332482992566	1200	36.355110026721405	0.0	630203	3899.2356007297103	0.3191552	1.2
15506.527785877832	1200	36.15980714145531	0.0	638661	4195.302885266092	0.585671	1.2
15509.840407027254	1200	36.847185992033005	0.0	538612	3312.621149422312	0.7735496	1.2
15513.573504666738	1200	37.11408835254903	0.0	550906	3733.097639483965	0.76329064	1.2

