13566.699326173102	750	4.0	2.731225734575557	450283	2731.225734575557	0.124194495	-10.994270658674894
13569.124311762218	750	5.575014410885613	0.0	398865	2424.985589114387	0.043937843	0.75
13571.950929604087	750	6.748396569016907	0.0	350812	2826.617841868706	0.035101376	0.75
13575.189093733492	300	7.510232439613019	0.0	155432	3238.1641294038886	0.46952322	-0.15000000000000002
13577.705571218958	300	8.993754954145674	0.0	163442	2516.477485467345	0.0058326744	0.3
13579.164002647547	300	11.535323525557112	0.0	126289	1458.43142858856	0.010259239	0.3
13580.997834024976	300	13.701492148127903	0.0	153295	1833.8313774292092	0.008132986	0.3
13583.190329112364	300	15.508997060740592	0.0	173849	2192.4950873873117	0.0051312167	0.3
13585.578639876412	300	17.120686296691833	0.0	150710	2388.310764048757	0.004705182	0.3
13587.915464294985	300	18.78386187811992	0.0	139105	2336.824418571912	0.004705182	0.3
13589.055568151882	300	21.643758021223594	0.0	141840	1140.103856896328	0.004705182	0.3
13590.470889460797	300	24.228436712306653	0.0	156148	1415.3213089169435	0.016217498	0.3
13591.821788351017	300	26.877537822089423	0.0	160746	1350.8988902172287	0.022728276	0.3
13593.176290565465	300	29.523035607641198	0.0	179801	1354.5022144482257	0.057807863	0.3
13594.166094323498	300	32.533231849606715	0.0	140051	989.8037580344825	0.4657623	0.3
13596.584649037944	750	34.11467713516203	0.0	366214	2418.5547144446823	0.5105749	0.3
13599.15909593171	750	35.54023024139533	0.0	360831	2574.446893766703	0.00472175	0.75
13602.717189142848	750	35.98213703025921	0.0	372963	3558.093211136123	0.0052950107	0.75
13605.760472655315	750	36.93885351779196	0.0	405596	3043.283512467252	0.004705182	0.75
13608.13603631399	750	38.56328985911693	0.0	350713	2375.563658675036	0.008433331	0.75
13612.231061449009	750	38.46826472409941	0.0	386472	4095.0251350175167	0.028177911	0.75
13616.017167667615	750	38.682158505492424	0.0	399894	3786.106218606993	0.0066117793	0.75
13618.70744489377	750	39.99188127933669	0.0	401853	2690.27722615573	0.0112770945	0.75
13620.763267530321	750	41.93605864278401	0.0	343800	2055.822636552676	0.28830397	0.75
13623.294726070377	750	43.404600102730555	0.0	359903	2531.4585400534593	0.6922096	0.75
13626.726508548123	1200	43.97281762498323	0.0	590335	3431.782477747325	0.6884941	0.75
13630.312608228944	1200	44.38671794416188	0.0	696376	3586.0996808213545	0.0047056586	1.2
13633.258201220928	1200	45.44112495217913	0.0	487160	2945.592991982744	0.004801812	1.2
13637.133066111188	1200	45.566260061918136	0.0	622896	3874.8648902609934	0.004705182	1.2
13641.209958539665	1200	45.489367633442036	0.0	641447	4076.8924284760988	0.004705182	1.2
13644.464271913783	1200	46.23505425932236	0.0	570392	3254.3133741196802	0.005668384	1.2
13647.60947384037	1200	47.08985233273536	0.0	620283	3145.2019265869985	0.0068846154	1.2
13651.027595866468	1200	47.6717303066387	0.0	584349	3418.12202609666	0.022251813	1.2
13654.318339855508	1200	48.38098631759746	0.0	670129	3290.743989041243	0.028130142	1.2
13656.98369559795	1200	49.71563057515683	0.0	690253	2665.355742440631	0.3956118	1.2
13663.397276784408	2850	47.30204938869812	0.0	1439896	6413.581186458706	0.050948646	1.2000000000000002
13667.896781937556	2850	46.80254423555136	0.0	1139291	4499.50515314676	0.004705182	2.85
13674.056953670835	2850	44.642372502271755	0.0	1499009	6160.171733279603	0.004705182	2.85
13679.064359571232	2850	43.63496660187515	0.0	1427478	5007.4059003966	0.004705182	2.85
13684.4373799908	2850	42.26194618230613	0.0	1402287	5373.0204195690185	0.010854499	2.85
13691.119780035946	2850	39.57954613716043	0.0	1339500	6682.40004514571	0.008830216	2.85
13699.542905190581	2850	35.15642098252483	0.0	1527299	8423.125154635603	0.004705182	2.85
13706.091329710682	2850	32.60799646242528	0.0	1343002	6548.4245200995465	0.004705182	2.85
13715.167192605079	2850	27.532133568028264	0.0	1587250	9075.862894397012	0.004705182	2.85
13722.654355474117	2850	24.04497069898993	0.0	1464921	7487.162869038335	0.004705182	2.85
13730.050271242875	2850	20.649054930230815	0.0	1483527	7395.915768759112	0.004705182	2.85
13736.772523964744	2850	17.92680220836325	0.0	1231456	6722.252721867564	0.004705182	2.85
13743.834182355224	2850	14.865143817883935	0.0	1364537	7061.658390479315	0.004705182	2.85

