12854.471856082584	750	4.0	1.6132241480558394	450283	1613.2241480558394	0.46741313	-6.186863836640109
12856.033307884822	750	6.438548197762211	0.0	398865	1561.4518022377888	0.004705182	0.75
12857.730755386025	750	8.741100696558858	0.0	350812	1697.4475012033529	0.004705182	0.75
12859.402945824178	750	11.068910258404797	0.0	382355	1672.1904381540605	0.0072627976	0.75
12861.314339142475	750	13.15751694010805	0.0	411561	1911.3933182967492	0.00506129	0.75
12862.694553678299	750	15.777302404284576	0.0	318564	1380.2145358234743	0.0052110977	0.75
12864.39159799942	750	18.080258083163127	0.0	352642	1697.0443211214485	0.007878958	0.75
12866.172117169976	750	20.29973891260742	0.0	437162	1780.5191705557106	0.015777882	0.75
12867.388969083822	750	23.082886998763108	0.0	374758	1216.8519138443112	0.013534723	0.75
12868.562097594859	750	25.909758487725288	0.0	362795	1173.128511037818	0.5387492	0.75
12870.381101316156	1200	28.09075476642943	0.0	607410	1819.0037212958612	0.36020687	0.75
12872.252968012222	1200	30.218888070362027	0.0	594078	1871.8666960674034	0.004705182	1.2
12874.407987051096	1200	32.06386903148941	0.0	624282	2155.019038872615	0.004705182	1.2
12877.577176324095	1200	32.894679758489204	0.0	687371	3169.189273000206	0.004705182	1.2
12879.913830754407	1200	34.55802532817841	0.0	526950	2336.6544303107903	0.004705182	1.2
12882.658504899942	1200	35.81335118264357	0.0	587876	2744.6741455348365	0.004705182	1.2
12886.030351634512	1200	36.441504448072536	0.0	617242	3371.846734571033	0.004705182	1.2
12890.90917184365	1200	35.562684238933514	0.0	581493	4878.820209139019	0.004705182	1.2
12895.613749310885	1200	34.85810677169904	0.0	639204	4704.577467234472	0.07104852	1.2
12900.629700885649	1200	33.842155196933746	0.0	586839	5015.951574765294	0.07457578	1.2
12904.53951507672	750	33.93234100586498	0.0	386472	3909.814191068768	0.4507046	0.3
12908.03833547862	750	34.43352060396284	0.0	399894	3498.8204019021387	0.009395974	0.75
12910.400873711194	750	36.07098237138798	0.0	401853	2362.53823257487	0.013992188	0.75
12912.396093538797	750	38.07576254378678	0.0	343800	1995.2198276011895	0.49334472	0.75
12914.503337389131	750	39.96851869345317	0.0	359903	2107.243850333618	0.6909741	0.75
12916.475567720929	750	41.99628836165475	0.0	379700	1972.2303317984201	0.56409293	0.75
12919.853802416092	1200	42.618053666492166	0.0	696376	3378.23469516258	0.06951872	0.75
12922.716241038013	1200	43.75561504457103	0.0	487160	2862.4386219211347	0.004934599	1.2
12932.217166343642	1200	38.254689738942616	0.0	622896	9500.925305628418	0.004705182	1.2
12937.122208815423	1200	37.34964726716303	0.0	641447	4905.042471779588	0.15593341	1.2
12941.344567794862	1200	37.127288287724575	0.0	570392	4222.358979438454	0.0063529923	1.2
12944.518663916686	1200	37.953192165899885	0.0	620283	3174.0961218246853	0.0063140434	1.2
12946.4645285964	1200	40.00732748618705	0.0	584349	1945.8646797128329	0.004705182	1.2
12948.610392973458	1200	41.86146310912783	0.0	670129	2145.8643770592153	0.03728877	1.2
12953.8424009037	2850	40.62945517888638	0.0	1492672	5232.007930241454	0.09657548	1.2000000000000002
12957.476862099229	2850	40.99499398335855	0.0	1439896	3634.4611955278365	0.004705182	2.85
12960.418384573028	2850	42.05347150955978	0.0	1139291	2941.5224737987646	0.26882717	2.85
12965.329135604186	2850	41.14272047840067	0.0	1499009	4910.7510311591095	0.46693897	2.85
12977.438006108256	4300	33.033849974329776	0.0	2133870	12108.870504070892	0.47281098	2.8499999999999996
12985.77225672912	2850	28.699599353465494	0.0	1402287	8334.250620864277	0.20465355	1.4000000000000001
12992.124542428213	2850	26.347313654372577	0.0	1339500	6352.2856990929195	0.004705182	2.85
12998.491766970617	2850	23.980089111968518	0.0	1527299	6367.224542404058	0.004705182	2.85
13003.98514754431	2850	22.486708538276485	0.0	1343002	5493.380573692033	0.004705182	2.85
13010.324829955694	2850	20.147026126890406	0.0	1587250	6339.682411386078	0.004705182	2.85
13015.768878244895	2850	18.702977837689314	0.0	1464921	5444.0482892010905	0.004705182	2.85
13021.062035194407	2850	17.409820888178682	0.0	1483527	5293.156949510635	0.004705182	2.85
13025.035683864387	2850	17.43617221819888	0.0	1231456	3973.6486699798015	0.004705182	2.85
13029.104902886944	2850	17.366953195642477	0.0	1364537	4069.2190225564027	0.004705182	2.85

