6896.408771438266	750	4.0	2.184991174137217	450283	2184.991174137217	0.004705182	-8.645462048790034
6898.04915921335	750	6.35961222491618	0.0	398865	1640.3877750838199	0.004705182	0.75
6899.579451907677	750	8.829319530588549	0.0	350812	1530.2926943276307	0.004705182	0.75
6901.6240190965145	750	10.784752341751526	0.0	382355	2044.5671888370243	0.0066765323	0.75
6905.973515153741	750	10.435256284525005	0.0	411561	4349.496057226521	0.013663701	0.75
6909.475282282604	300	10.93348915566177	0.0	126289	3501.7671288632346	0.28078142	-0.15000000000000002
6914.316087231946	300	10.092684206319067	0.0	153295	4840.8049493427025	0.013685371	0.3
6918.704830224704	300	9.703941213561185	0.0	173849	4388.742992757881	0.004705182	0.3
6921.370956329257	300	11.037815109007834	0.0	150710	2666.1261045533515	0.004705182	0.3
6922.992036912327	300	13.416734525937779	0.0	139105	1621.0805830700554	0.004705182	0.3
6924.434298120223	300	15.974473318042095	0.0	141840	1442.261207895683	0.004705182	0.3
6925.891747053205	300	18.517024385059706	0.0	156148	1457.4489329823873	0.004705182	0.3
6927.616558150403	300	20.792213287861554	0.0	160746	1724.8110971981553	0.004705182	0.3
6930.198125895945	300	22.210645542318975	0.0	179801	2581.567745542577	0.0049787876	0.3
6932.447432003572	300	23.961339434691297	0.0	140051	2249.306107627677	0.0053800843	0.3
6934.545974064231	300	25.8627973740329	0.0	138313	2098.5420606583984	0.0070981155	0.3
6935.94376754256	300	28.465003895704207	0.0	143509	1397.7934783286896	0.012479456	0.3
6938.073687107875	750	30.335084330389	0.0	372963	2129.919565315206	0.10968327	0.3
6940.151266577318	750	32.2575048609455	0.0	405596	2077.579469443499	0.005610233	0.75
6941.832283364906	750	34.57648807335764	0.0	350713	1681.0167875878706	0.01152887	0.75
6943.8239499843785	750	36.584821453885034	0.0	386472	1991.6666194725983	0.16854295	0.75
6946.181032662435	750	38.227738775827916	0.0	399894	2357.082678057125	0.64737993	0.75
6948.57344926446	750	39.83532217380384	0.0	401853	2392.4166020240705	0.6917717	0.75
6951.974485127508	1200	40.43428631075508	0.0	536667	3401.0358630487626	0.4323042	0.75
6958.76638374801	1200	37.642387690252	0.0	587236	6791.89862050308	0.007607583	1.2
6964.85827496438	1200	35.55049647388243	0.0	590335	6091.891216369567	0.3084664	1.2
6968.381303603964	1200	36.02746783429886	0.0	696376	3523.02863958357	0.41112018	1.2
6970.306938066085	1200	38.10183337217739	0.0	487160	1925.6344621214764	0.004705182	1.2
6973.434168580211	1200	38.974602858052414	0.0	622896	3127.230514124976	0.004705182	1.2
6976.7212861047265	1200	39.687485333536635	0.0	641447	3287.1175245157806	0.004705182	1.2
6979.999041281205	1200	40.40973015705879	0.0	570392	3277.7551764778445	0.0063181794	1.2
6982.940482745488	1200	41.468288692774976	0.0	620283	2941.4414642838105	0.006852809	1.2
6986.212799306489	1200	42.19597213177436	0.0	584349	3272.316561000621	0.014547447	1.2
6988.656643601743	1200	43.75212783652019	0.0	670129	2443.8442952541745	0.011233839	1.2
6995.341644098334	2850	41.06712733992841	0.0	1492672	6685.000496591779	0.16547708	1.2000000000000002
7001.992462284286	2850	38.416309153976364	0.0	1439896	6650.818185952048	0.004705182	2.85
7005.901816406391	2850	38.506955031872664	0.0	1139291	3909.354122103703	0.004705182	2.85
7010.947901794756	2850	37.46086964350731	0.0	1499009	5046.085388365352	0.004705182	2.85
7017.339695736361	2850	35.069075701902065	0.0	1427478	6391.793941605235	0.0075995335	2.85
7021.793310344948	2850	34.615461093314956	0.0	1402287	4453.614608587111	0.004705182	2.85
7026.072110810072	2850	34.33666062819073	0.0	1339500	4278.800465124223	0.012728158	2.85
7031.910315415551	2850	32.498456022712396	0.0	1527299	5838.204605478335	0.018810606	2.85
7038.235694893826	2850	30.173076544437965	0.0	1343002	6325.37947827443	0.011432575	2.85
7044.026137813306	2850	28.382633624957737	0.0	1587250	5790.442919480231	0.004853133	2.85
7048.727071621066	2850	27.681699817198357	0.0	1464921	4700.9338077593775	0.025588714	2.85
7054.60254813437	2850	25.80622330389396	0.0	1483527	5875.476513304396	0.037003465	2.85
7063.008878615892	2850	21.3998928223724	0.0	1231456	8406.330481521563	0.021865724	2.85
7069.318678717713	2850	19.090092720551766	0.0	1364537	6309.800101820635	0.005414374	2.85

