15175.215787549463	750	4.0	6.619212714537035	450283	6619.212714537035	0.0051805824	-27.71261467250925
15177.326749893715	300	5.8890376557490836	0.0	155580	2110.9623442509164	0.004705182	-0.15000000000000002
15179.132811897505	300	8.082975651959863	0.0	139857	1806.0620037892206	0.004705182	0.3
15181.850399808622	300	9.365387740844167	0.0	155432	2717.587911115697	0.004705182	0.3
15184.46656801235	300	10.749219537113932	0.0	163442	2616.1682037302335	0.004705182	0.3
15186.065621446907	300	13.150166102556996	0.0	126289	1599.0534345569358	0.005230073	0.3
15188.089344497454	300	15.126443052010968	0.0	153295	2023.723050546029	0.004705182	0.3
15191.285934555717	300	15.929852993747614	0.0	173849	3196.590058263353	0.004705182	0.3
15194.30751410883	300	16.9082734406336	0.0	150710	3021.579553114015	0.004705182	0.3
15196.18419219618	300	19.03159535328397	0.0	139105	1876.6780873496273	0.004705182	0.3
15198.520449734106	300	20.695337815359544	0.0	141840	2336.2575379244277	0.004705182	0.3
15200.5387683739	300	22.67701917556383	0.0	156148	2018.3186397957147	0.004705182	0.3
15202.600763716022	300	24.615023833442507	0.0	160746	2061.9953421213213	0.004879321	0.3
15204.842436663292	300	26.373350886171785	0.0	179801	2241.6729472707243	0.0063927746	0.3
15206.473871944567	300	28.74191560489749	0.0	140051	1631.435281274297	0.008819678	0.3
15208.172449894155	300	31.043337655309355	0.0	138313	1698.5779495881313	0.023457598	0.3
15210.256044075588	300	32.9597434738759	0.0	143509	2083.594181433456	0.084586635	0.3
15211.585211064663	300	35.630576484800784	0.0	150616	1329.1669890751227	0.13600838	0.3
15214.891810026664	750	36.32397752279934	0.0	405596	3306.5989620014457	0.51891905	0.3
15218.606851045144	750	36.60893650431901	0.0	350713	3715.0410184803263	0.004705182	0.75
15222.016275011525	750	37.19951253793932	0.0	386472	3409.423966379689	0.004705182	0.75
15225.157208531737	750	38.05857901772734	0.0	399894	3140.9335202119846	0.004705182	0.75
15227.92372336721	750	39.29206418225437	0.0	401853	2766.514835472971	0.008517723	0.75
15230.722930407494	750	40.4928571419711	0.0	343800	2799.207040283272	0.058566064	0.75
15233.409243989143	750	41.806543560321714	0.0	359903	2686.31358164939	0.061490946	0.75
15236.425063685345	750	42.79072386412122	0.0	379700	3015.819696200493	0.44177443	0.75
15239.861769925932	750	43.35401762353421	0.0	425781	3436.706240587001	0.589567	0.75
15244.796606746033	1200	42.419180803431935	0.0	487160	4934.836820102285	0.6914849	0.75
15251.766450201529	1200	39.44933734793743	0.0	622896	6969.843455494503	0.07851759	1.2
15262.216373686319	1200	32.999413863145826	0.0	641447	10449.923484791601	0.22188598	1.2
15269.971757674528	1200	29.2440298749369	0.0	570392	7755.383988208926	0.35250798	1.2
15274.959475671869	1200	28.256311877595483	0.0	620283	4987.717997341416	0.27236238	1.2
15281.067663993666	1200	26.14812355579861	0.0	584349	6108.188321796875	0.5754762	1.2
15290.829717012086	1200	20.38607053737976	0.0	670129	9762.05301841885	0.6859408	1.2
15295.603769878806	750	19.612017670658336	0.0	401088	4774.0528667214185	0.03967847	0.3
15299.994536822314	750	19.221250727151556	0.0	365161	4390.766943506781	0.0049014636	0.75
15303.440671052364	750	19.775116497102324	0.0	321064	3446.134230049233	0.004809351	0.75
15307.412261086414	750	19.8035264630509	0.0	361565	3971.590034051423	0.004705182	0.75
15311.952466501752	750	19.263321047713237	0.0	378327	4540.205415337665	0.0051539694	0.75
15318.358018392977	750	16.85776915648937	0.0	390680	6405.551891223869	0.004711618	0.75
15323.959166665596	750	15.256620883868061	0.0	345516	5601.148272621306	0.0070019946	0.75
15328.948890082842	750	14.266897466624108	0.0	384505	4989.723417243953	0.018486949	0.75
15334.060659002485	750	13.155128546980697	0.0	372093	5111.76891964341	0.010342693	0.75
15340.035249097056	750	11.180538452408099	0.0	438281	5974.5900945726	0.024274446	0.75
15346.385066647385	750	8.830720902080476	0.0	398987	6349.817550327623	0.3655531	0.75
15349.381965836033	300	9.833821713431847	0.0	160064	2996.899188648628	0.06835364	-0.15000000000000002
15351.792170838138	300	11.423616711327572	0.0	137507	2410.2050021042755	0.00853326	0.3
15354.09265861191	300	13.123128937557318	0.0	118421	2300.4877737702536	0.014948208	0.3

