4751.343467953758	750	4.0	5.259051639025879	450283	5259.051639025879	0.004705182	-21.86392204781128
4752.888694016407	300	6.454773937350686	0.0	155580	1545.2260626493135	0.007312103	-0.15000000000000002
4754.351604683105	300	8.991863270652232	0.0	139857	1462.9106666984549	0.016748788	0.3
4755.706129117715	300	11.637338836041588	0.0	155432	1354.5244346106435	0.004705182	0.3
4759.513251082546	750	11.830216871210647	0.0	411561	3807.1219648309425	0.03289617	0.3
4760.613790992552	300	14.729676961205568	0.0	126289	1100.5399100050786	0.5868445	-0.15000000000000002
4762.070684186948	300	17.272783766809386	0.0	153295	1456.8931943961857	0.009677611	0.3
4763.83935415178	300	19.50411380197749	0.0	173849	1768.6699648318997	0.007428975	0.3
4765.329307302332	300	22.014160651425087	0.0	150710	1489.9531505524044	0.01285386	0.3
4766.443538147377	300	24.899929806381067	0.0	139105	1114.2308450440194	0.043502174	0.3
4767.447960404458	300	27.89550754929953	0.0	141840	1004.4222570815351	0.06535708	0.3
4768.64095880248	300	30.702509151278086	0.0	156148	1192.9983980214454	0.22291906	0.3
4770.286665803815	300	33.05680214994396	0.0	160746	1645.7070013341195	0.5202811	0.3
4773.289031767788	750	34.054436185969784	0.0	434409	3002.3659639741795	0.6683147	0.3
4774.967096646958	750	36.37637130679974	0.0	337059	1678.0648791700435	0.0051424797	0.75
4777.157726212015	750	38.18574174174219	0.0	366214	2190.6295650575485	0.015549957	0.75
4779.517739776757	750	39.82572817700087	0.0	360831	2360.013564741321	0.016174527	0.75
4781.476101853306	750	41.867366100451406	0.0	372963	1958.3620765494663	0.050947912	0.75
4783.781209549133	750	43.562258404624906	0.0	405596	2305.107695826501	0.62066114	0.75
4788.004914505509	1200	43.33855344824934	0.0	586839	4223.7049563755545	0.664303	0.75
4791.57448076583	1200	43.768987187928424	0.0	601738	3569.5662603209175	0.06300877	1.2
4794.828779811037	1200	44.514688142721525	0.0	616206	3254.2990452068957	0.0069228797	1.2
4798.24307148863	1200	45.100396465128284	0.0	656471	3414.2916775932395	0.004705182	1.2
4801.709783355867	1200	45.63368459789059	0.0	536667	3466.711867237693	0.004705182	1.2
4804.546793904671	1200	46.79667404908677	0.0	587236	2837.0105488038253	0.004705182	1.2
4807.711007185314	1200	47.6324607684444	0.0	590335	3164.2132806423615	0.004705182	1.2
4811.165719503247	1200	48.177748450511864	0.0	696376	3454.712317932543	0.004868031	1.2
4813.514548997566	1200	49.82891895619167	0.0	487160	2348.829494320189	0.013738831	1.2
4817.179996285399	1200	50.163471668358326	0.0	622896	3665.4472878333504	0.019001279	1.2
4821.729349773423	1200	49.61411818033528	0.0	641447	4549.353488023044	0.01673628	1.2
4825.771783967082	1200	49.571683986675986	0.0	570392	4042.4341936592973	0.010484057	1.2
4830.514723284057	1200	48.82874466970128	0.0	620283	4742.939316974709	0.01108588	1.2
4834.509711385123	1200	48.83375656863556	0.0	584349	3994.9881010657214	0.008713685	1.2
4839.774307121337	1200	47.569160832421446	0.0	670129	5264.595736214111	0.008970375	1.2
4844.307329414338	1200	47.0361385394211	0.0	690253	4533.0222930003465	0.007866905	1.2
4848.070855387298	1200	47.27261256646014	0.0	598727	3763.525972960964	0.01388344	1.2
4850.392449790102	1200	48.95101816365749	0.0	487812	2321.594402802655	0.045220293	1.2
4853.618154372873	1200	49.72531358088608	0.0	575591	3225.7045827714032	0.42428982	1.2
4864.213540360165	2850	43.1299275935941	0.0	1427478	10595.385987291984	0.7920469	1.2000000000000002
4876.768648380203	2850	34.574819573556745	0.0	1402287	12555.108020037358	0.00850596	2.85
4881.895764014041	1200	33.447703939717755	0.0	566904	5127.1156338389865	0.6242252	-0.44999999999999996
4887.924918216567	1200	31.418549737192418	0.0	641452	6029.15420252534	0.004705182	1.2
4893.612572396581	1200	29.73089555717796	0.0	599477	5687.654180014457	0.004705182	1.2
4899.987946023421	1200	27.355521930338288	0.0	634861	6375.373626839671	0.004705182	1.2
4907.5300600085675	1200	23.81340794519132	0.0	630203	7542.113985146968	0.004705182	1.2
4914.02567383193	1200	21.3177941218289	0.0	638661	6495.613823362418	0.007013526	1.2
4919.347053200145	1200	19.99641475361461	0.0	538612	5321.379368214292	0.0069065024	1.2
4924.879424806532	1200	18.464043147226768	0.0	550906	5532.37160638784	0.03450234	1.2

