9725.390756372175	750	4.0	2.322935537655054	450283	2322.935537655054	0.005034562	-9.238622811916732
9728.867020470354	750	4.523735901820231	0.0	398865	3476.264098179768	0.0061535602	0.75
9731.522753014617	750	5.868003357558568	0.0	350812	2655.732544261663	0.68546623	0.75
9732.71650122408	300	8.674255148095181	0.0	155432	1193.7482094633874	0.43510213	-0.15000000000000002
9733.96450143494	300	11.426254937235054	0.0	163442	1248.0002108601266	0.1434329	0.3
9736.02830163067	750	13.362454741505566	0.0	318564	2063.8001957294887	0.40211597	0.3
9738.328796069156	750	15.061960303019125	0.0	352642	2300.494438486441	0.2712264	0.75
9741.228903647114	750	16.161852725061927	0.0	437162	2900.107577957199	0.60492456	0.75
9744.157500021653	750	17.233256350522385	0.0	374758	2928.596374539543	0.6481954	0.75
9745.254290312223	300	20.136466059953346	0.0	139105	1096.7902905690394	0.6930568	-0.15000000000000002
9746.39602399282	300	22.99473237935696	0.0	141840	1141.7336805963844	0.2182449	0.3
9747.702326304388	300	25.68843006778665	0.0	156148	1306.3023115703081	0.18745814	0.3
9750.999693550642	750	26.39106282153342	0.0	386351	3297.3672462532313	0.24280891	0.3
9754.2468491096	750	27.143907262574935	0.0	434409	3247.155558958486	0.17938247	0.75
9756.348175515506	750	29.042580856669293	0.0	337059	2101.32640590564	0.022396494	0.75
9758.864755630682	750	30.52600074149307	0.0	366214	2516.5801151762234	0.005305217	0.75
9761.352985887625	750	32.037770484551814	0.0	360831	2488.230256941256	0.004705182	0.75
9763.794449867806	750	33.59630650437113	0.0	372963	2441.463980180692	0.0049713305	0.75
9767.26787752428	750	34.12287884789556	0.0	405596	3473.4276564755673	0.0075677526	0.75
9769.953232865753	750	35.43752350642443	0.0	350713	2685.3553414711273	0.0052655605	0.75
9775.6591444382	750	33.731611933978115	0.0	386472	5705.9115724463145	0.00918228	0.75
9779.27323572966	750	34.117520642517064	0.0	399894	3614.091291461053	0.004705182	0.75
9781.519905458248	750	35.87085091392987	0.0	401853	2246.66972858719	0.005035051	0.75
9782.87688887295	750	38.51386749922835	0.0	343800	1356.9834147015197	0.16650876	0.75
9785.262572107296	1200	40.12818426488112	0.0	587236	2385.6832343472297	0.08835002	0.75
9791.868068148202	1200	37.52268822397603	0.0	590335	6605.496040905095	0.004705182	1.2
9796.559117064668	1200	36.831639307509896	0.0	696376	4691.048916466132	0.07410231	1.2
9798.907756990126	1200	38.48299938205197	0.0	487160	2348.6399254579264	0.004911916	1.2
9801.681784823486	1200	39.7089715486917	0.0	622896	2774.02783336028	0.004705182	1.2
9804.211426364853	1200	41.17933000732635	0.0	641447	2529.641541365347	0.004705182	1.2
9806.7125888336	1200	42.67816753857752	0.0	570392	2501.162468748837	0.02972018	1.2
9809.394813321624	1200	43.99594305055446	0.0	620283	2682.22448802306	0.14627315	1.2
9811.85152204651	1200	45.53923432566899	0.0	584349	2456.708724885463	0.5392898	1.2
9818.433116543883	2850	42.957639828296344	0.0	1587293	6581.594497372649	0.75539994	1.2000000000000002
9824.505528447064	2850	40.8852279251169	0.0	1492672	6072.411903179438	0.004705182	2.85
9830.323797558409	2850	39.066958813772054	0.0	1439896	5818.2691113448445	0.004705182	2.85
9834.892796529719	2850	38.4979598424601	0.0	1139291	4568.998971311958	0.004755039	2.85
9841.111342668693	2850	36.279413703485815	0.0	1499009	6218.546138974286	0.004705182	2.85
9847.837847073917	2850	33.55290929826355	0.0	1427478	6726.504405222263	0.004705182	2.85
9858.556479387222	2850	26.834276984957654	0.0	1402287	10718.632313305894	0.004705182	2.85
9865.362647797137	2850	24.02810857504148	0.0	1339500	6806.168409916177	0.08028397	2.85
9873.548968690651	2850	19.84178768152837	0.0	1527299	8186.320893513109	0.004705182	2.85
9880.688053791922	2850	16.70270258025707	0.0	1343002	7139.0851012713	0.004705182	2.85
9890.339405086157	2850	11.05135128602096	0.0	1587250	9651.351294236112	0.0088325385	2.85
9893.997444896624	1200	11.39331147555602	0.0	630203	3658.03981046494	0.004705182	-0.44999999999999996
9896.863234020542	1200	12.527522351636312	0.0	638661	2865.7891239197065	0.004705182	1.2
9899.161975054247	1200	14.228781317931878	0.0	538612	2298.7410337044344	0.004705182	1.2
9901.545602434728	1200	15.845153937451792	0.0	550906	2383.6273804800862	0.0055703926	1.2

