15696.543808042581	750	4.0	4.948165992489615	450283	4948.165992489616	0.011842224	-20.527113767705345
15697.950593849175	300	6.593214193405611	0.0	155580	1406.7858065943897	0.013277982	-0.15000000000000002
15698.963238187041	300	9.580569855539265	0.0	139857	1012.6443378663465	0.045709	0.3
15700.115688254295	300	12.428119788285638	0.0	155432	1152.4500672536267	0.014250508	0.3
15701.536687482288	300	15.007120560293167	0.0	163442	1420.9992279924695	0.14178462	0.3
15702.809499072275	300	17.73430897030769	0.0	126289	1272.8115899854747	0.13284664	0.3
15704.29976493787	300	20.244043104710872	0.0	153295	1490.2658655968185	0.02002863	0.3
15706.128840745736	300	22.41496729684493	0.0	173849	1829.0758078659435	0.021091213	0.3
15707.578467901312	300	24.96534014126896	0.0	150710	1449.6271555759718	0.025133952	0.3
15708.888201054055	300	27.655606988525857	0.0	139105	1309.7331527431013	0.090049475	0.3
15710.442381818748	300	30.10142622383339	0.0	141840	1554.1807646924692	0.13559262	0.3
15713.697413861242	300	30.846394181337217	0.0	156148	3255.032042496171	0.11632352	0.3
15717.780244375721	300	30.763563666859596	0.0	160746	4082.830514477621	0.026667926	0.3
15719.615253511378	300	32.928554531200994	0.0	179801	1835.0091356586072	0.013812258	0.3
15721.08588970769	300	35.457918334890245	0.0	140051	1470.6361963107472	0.25444865	0.3
15722.34769605173	300	38.19611199084999	0.0	138313	1261.8063440402523	0.44859678	0.3
15723.733104662282	300	40.81070338029799	0.0	143509	1385.4086105520032	0.6532472	0.3
15727.300512199774	750	41.243295842806376	0.0	372963	3567.4075374916174	0.11482377	0.3
15730.948598818284	750	41.59520922429702	0.0	405596	3648.0866185093505	0.004705182	0.75
15734.23625664125	750	42.307551401330656	0.0	350713	3287.6578229663746	0.004705182	0.75
15739.195345403135	750	41.34846263944508	0.0	386472	4959.088761885571	0.005568698	0.75
15744.575959282547	750	39.96784876003181	0.0	399894	5380.613879413273	0.004705182	0.75
15751.138672397032	750	37.40513564554743	0.0	401853	6562.713114484383	0.004705182	0.75
15753.94528678594	750	38.598521256640375	0.0	343800	2806.614388907058	0.004705182	0.75
15756.526847312822	750	40.01696072975922	0.0	359903	2581.560526881146	0.01079992	0.75
15759.301140613177	750	41.24266742940289	0.0	379700	2774.293300356333	0.08417204	0.75
15765.562342094952	1200	38.9814659476278	0.0	696376	6261.201481775094	0.35338688	0.75
15770.435472307641	1200	38.10833573493963	0.0	487160	4873.130212688166	0.16044311	1.2
15776.894653880901	1200	35.649154161679704	0.0	622896	6459.181573259929	0.24393225	1.2
15785.32377908852	1200	31.220028954061366	0.0	641447	8429.12520761834	0.42104954	1.2
15789.933322982704	750	30.610485059875945	0.0	358218	4609.543894185421	0.56012636	0.3
15798.587645296253	750	25.956162746327514	0.0	400322	8654.322313548431	0.0073505463	0.75
15802.63619567474	750	25.9076123678416	0.0	369834	4048.5503784859125	0.004705182	0.75
15806.713917218738	750	25.82989082384458	0.0	412837	4077.721543997019	0.0066581494	0.75
15810.085436195572	750	26.45837184701137	0.0	401088	3371.5189768332098	0.009943904	0.75
15813.183441739255	750	27.36036630332596	0.0	365161	3098.005543685409	0.049118415	0.75
15816.088641756223	750	28.45516628635834	0.0	321064	2905.2000169676194	0.19260287	0.75
15818.87607014173	750	29.667737900850206	0.0	361565	2787.428385508134	0.13387845	0.75
15821.548408233408	750	30.995399809172753	0.0	378327	2672.338091677455	0.6746625	0.75
15824.611142937418	750	31.932665105161757	0.0	390680	3062.7347040109967	0.5340516	0.75
15828.429394057051	1200	32.114413985527385	0.0	566904	3818.251119634369	0.26087198	0.75
15832.91888255526	1200	31.624925487320112	0.0	641452	4489.488498207271	0.005662463	1.2
15837.140911768172	1200	31.40289627440819	0.0	599477	4222.029212911928	0.007833231	1.2
15841.37328426866	1200	31.170523773919466	0.0	634861	4232.37250048872	0.007708198	1.2
15846.01062080659	1200	30.53318723599086	0.0	630203	4637.336537928608	0.012903907	1.2
15850.331364048534	1200	30.212443994047604	0.0	638661	4320.743241943255	0.012324366	1.2
15854.259517737275	1200	30.28429030530528	0.0	538612	3928.1536887423254	0.03282883	1.2
15859.501238666593	1200	29.042569375987455	0.0	550906	5241.720929317826	0.01795099	1.2

