1557.047377429802	750	4.0	2.8598146493896546	450283	2859.8146493896547	0.004705182	-11.547202992375514
1558.9260761420578	750	6.121301287744215	0.0	398865	1878.6987122557848	0.08835853	0.75
1560.4898649765144	750	8.55751245328761	0.0	350812	1563.788834456606	0.004705182	0.75
1561.295930443664	300	11.751446986137779	0.0	155432	806.0654671498307	0.01423664	-0.15000000000000002
1563.549185694409	750	13.498191735392714	0.0	411561	2253.255250745064	0.27174297	0.3
1565.0936005419442	750	15.95377688785766	0.0	318564	1544.414847535054	0.020648612	0.75
1566.7242547773433	750	18.323122652458462	0.0	352642	1630.6542353991983	0.027510835	0.75
1568.2927827574076	750	20.754594672394234	0.0	437162	1568.5279800642327	0.034412917	0.75
1569.4885266601693	750	23.558850769632446	0.0	374758	1195.743902761789	0.015027221	0.75
1570.7620408972768	750	26.285336532524802	0.0	362795	1273.514237107644	0.6062595	0.75
1572.7980737510788	1200	28.24930367872294	0.0	607410	2036.0328538018616	0.5576493	0.75
1575.292205958017	1200	29.755171471784937	0.0	594078	2494.1322069380044	0.005754184	1.2
1578.6006310438356	1200	30.44674638596641	0.0	624282	3308.425085818526	0.00648906	1.2
1581.6717102908867	1200	31.37566713891529	0.0	687371	3071.079247051118	0.02960991	1.2
1584.3528199504526	1200	32.69455747934947	0.0	526950	2681.1096595658223	0.008696841	1.2
1587.8238422596735	1200	33.223535170128685	0.0	587876	3471.022309220777	0.01258792	1.2
1591.0993472599416	1200	33.94803016986053	0.0	617242	3275.505000268149	0.042267762	1.2
1594.556059697629	1200	34.49131773217312	0.0	581493	3456.712437687409	0.01404213	1.2
1598.1961992456866	1200	34.85117818411553	0.0	639204	3640.139548057592	0.026512956	1.2
1601.3272379825485	1200	35.72013944725371	0.0	586839	3131.038736861826	0.024833363	1.2
1603.6287169044035	1200	37.418660525398764	0.0	601738	2301.4789218549386	0.010677628	1.2
1606.3673896425282	1200	38.67998778727385	0.0	616206	2738.672738124915	0.004705182	1.2
1609.1633628556472	1200	39.88401457415479	0.0	656471	2795.973213119058	0.004705182	1.2
1611.567380456086	1200	41.47999697371598	0.0	536667	2404.0176004388127	0.0047921897	1.2
1614.085047523767	1200	42.96232990603502	0.0	587236	2517.6670676809536	0.005592721	1.2
1618.5093497120774	1200	42.53802771772452	0.0	590335	4424.302188310514	0.009829548	1.2
1621.165408175032	1200	43.88196925476983	0.0	696376	2656.058462954684	0.004705182	1.2
1623.5121984560146	1200	45.53517897378724	0.0	487160	2346.7902809825896	0.059073437	1.2
1625.8385221883407	1200	47.208855241461116	0.0	622896	2326.3237323261205	0.02019175	1.2
1632.3470220615202	2850	44.700355368281755	0.0	1561263	6508.499873179362	0.7510536	1.2000000000000002
1637.6596133676717	2850	43.38776406213037	0.0	1341201	5312.591306151389	0.004705182	2.85
1643.3762183460594	2850	41.671159083742666	0.0	1497683	5716.604978387709	0.004705182	2.85
1648.8086188145014	2850	40.2387586153005	0.0	1358081	5432.40046844217	0.004705182	2.85
1655.1236283829655	2850	37.92374904683659	0.0	1587293	6315.009568463904	0.004705182	2.85
1660.5353304335702	2850	36.51204699623204	0.0	1492672	5411.70205060456	0.004705182	2.85
1667.159760112777	2850	33.887617317025125	0.0	1439896	6624.42967920691	0.004705182	2.85
1671.9113161750513	2850	33.136061254750636	0.0	1139291	4751.556062274489	0.004705182	2.85
1677.0868636365337	2850	31.960513793268156	0.0	1499009	5175.547461482481	0.004705182	2.85
1683.6201046227743	2850	29.427272807027496	0.0	1427478	6533.24098624066	0.004705182	2.85
1688.4805107599577	2850	28.566866669844003	0.0	1402287	4860.406137183495	0.004705182	2.85
1694.026686941021	2850	27.02069048878098	0.0	1339500	5546.176181063025	0.004705182	2.85
1702.2106036768064	2850	22.836773752995388	0.0	1527299	8183.916735785592	0.004705182	2.85
1709.4999711549922	2850	19.54740627480969	0.0	1343002	7289.367478185701	0.004705182	2.85
1720.93895603022	2850	12.10842139958186	0.0	1587250	11438.984875227827	0.004705182	2.85
1729.9451363368803	1200	7.10224109292168	0.0	630203	9006.18030666018	0.0063683894	-0.44999999999999996
1731.673176695072	750	9.374200734729776	0.0	393804	1728.0403581919059	0.6186853	0.3
1734.3050356418769	1200	10.742341787924923	0.0	538612	2631.858946804852	0.10810664	0.75
1736.7230671392174	1200	12.324310290584389	0.0	550906	2418.0314973405325	0.004705182	1.2

