21980.137996738467	750	4.0	2.5585548523374078	450283	2558.5548523374077	0.004705182	-10.251785865050852
21982.873063003284	750	5.264933735184073	0.0	398865	2735.066264815927	0.016828464	0.75
21985.194375955223	750	6.943620783241986	0.0	350812	2321.3129519420877	0.105007984	0.75
21986.313128253798	300	9.824868484665874	0.0	155432	1118.7522985761118	0.67915463	-0.15000000000000002
21987.58887738604	300	12.549119352426128	0.0	163442	1275.7491322397461	0.34093037	0.3
21988.44750627475	300	15.690490463711917	0.0	126289	858.6288887142114	0.5118907	0.3
21989.345571714628	300	18.792425023835662	0.0	153295	898.0654398762579	0.39254496	0.3
21990.189780849705	300	21.94821588875725	0.0	173849	844.2091350784096	0.37753356	0.3
21990.894457861912	300	25.243538876552815	0.0	150710	704.6770122044346	0.69598186	0.3
21993.196660800637	750	26.941335937829486	0.0	362795	2302.2029387233324	0.5336873	0.3
21995.28925789524	750	28.848738843221028	0.0	353220	2092.5970946084553	0.03845814	0.75
21997.994490296063	750	30.14350644240174	0.0	405134	2705.232400819288	0.006235393	0.75
22000.310812273427	750	31.827184465034943	0.0	386351	2316.321977366799	0.0053001596	0.75
22002.71042639689	750	33.42757034157108	0.0	434409	2399.6141234638662	0.0060812673	0.75
22004.652774492864	750	35.485222245598166	0.0	337059	1942.3480959729063	0.02137174	0.75
22006.80286298794	750	37.33513375052171	0.0	366214	2150.088495076449	0.046970457	0.75
22009.380962563693	750	38.757034174768734	0.0	360831	2578.0995757529813	0.085743435	0.75
22012.26366664375	750	39.87433009471065	0.0	372963	2882.704080058086	0.054599017	0.75
22016.823146881175	750	39.31484985728719	0.0	405596	4559.480237423459	0.046698608	0.75
22019.5033512513	750	40.63464548716073	0.0	350713	2680.204370126456	0.006986379	0.75
22022.27368216114	750	41.86431457731973	0.0	386472	2770.330909841006	0.045861688	0.75
22026.44631461074	750	41.691682127720576	0.0	399894	4172.632449599158	0.16299917	0.75
22033.5659165926	750	38.57208014586085	0.0	401853	7119.60198185972	0.02999569	0.75
22038.368621883936	750	37.76937485452814	0.0	343800	4802.705291332712	0.004705182	0.75
22041.93234331761	750	38.20565342085634	0.0	359903	3563.721433671792	0.004705182	0.75
22045.17454207436	750	38.963454664106976	0.0	379700	3242.1987567493697	0.008480388	0.75
22050.049602535364	750	38.088394203103796	0.0	425781	4875.060461003181	0.019694075	0.75
22052.906530490214	750	39.23146624825232	0.0	277716	2856.927954851474	0.025112936	0.75
22056.19646309272	750	39.94153364574785	0.0	400396	3289.9326025044684	0.038308877	0.75
22060.271502891046	750	39.866493847424266	0.0	400508	4075.0397983235903	0.3206694	0.75
22063.7980501247	750	40.339946613768454	0.0	358218	3526.5472336558055	0.14435832	0.75
22067.990374680856	750	40.14762205761447	0.0	400322	4192.324556153991	0.33489498	0.75
22072.202021044493	750	39.93597569397466	0.0	369834	4211.646363639808	0.48572987	0.75
22077.00379459061	750	39.13420214785456	0.0	412837	4801.773546120104	0.4686615	0.75
22080.097166005165	750	40.0408307332995	0.0	401088	3093.371414555053	0.35561627	0.75
22086.450555147978	1200	37.68744159048377	0.0	598727	6353.389142815732	0.299922	0.75
22091.502039643277	1200	36.635957095187145	0.0	487812	5051.4844952966305	0.013517272	1.2
22098.112238757527	1200	34.02575798093599	0.0	575591	6610.199114251147	0.0131053245	1.2
22104.81288050797	1200	31.3251162304946	0.0	605884	6700.641750441394	0.021325337	1.2
22109.438675830843	1200	30.699320907622276	0.0	587506	4625.7953228723245	0.023555867	1.2
22113.424372219477	1200	30.713624518986897	0.0	566904	3985.6963886353797	0.0057038623	1.2
22118.21017740553	1200	29.927819332935503	0.0	641452	4785.805186051396	0.004705182	1.2
22122.18645134468	1200	29.95154539378337	0.0	599477	3976.2739391521304	0.004705182	1.2
22127.77199316977	1200	28.36600356869505	0.0	634861	5585.5418250883195	0.0062369057	1.2
22133.190374536833	1200	26.947622201633607	0.0	630203	5418.381367061443	0.004709473	1.2
22138.50288884746	1200	25.635107891004186	0.0	638661	5312.514310629421	0.004705182	1.2
22142.922475847106	1200	25.215520891357762	0.0	538612	4419.586999646424	0.005039278	1.2
22150.026691781848	1200	22.111304956615008	0.0	550906	7104.215934742757	0.004705182	1.2

