2093.1821807830443	750	4.0	4.838144007766586	450283	4838.144007766587	0.004705182	-20.05401923339632
2094.7730201092504	300	6.409160673793575	0.0	155580	1590.8393262064255	0.017366877	-0.15000000000000002
2095.976374367747	300	9.205806415296815	0.0	139857	1203.3542584967608	0.020788869	0.3
2097.232832719857	300	11.949348063187209	0.0	155432	1256.4583521096054	0.006393757	0.3
2098.555972023103	300	14.626208759941129	0.0	163442	1323.1393032460794	0.06829823	0.3
2099.652688623443	300	17.529492159601176	0.0	126289	1096.7166003399511	0.13461323	0.3
2100.96457189222	300	20.21760889082371	0.0	153295	1311.8832687774704	0.025286837	0.3
2102.3171759186407	300	22.86500486440299	0.0	173849	1352.6040264207143	0.026965741	0.3
2103.503928684709	300	25.678252098334305	0.0	150710	1186.7527660686872	0.07784245	0.3
2104.541577347374	300	28.640603435669462	0.0	139105	1037.6486626648446	0.22795519	0.3
2107.6626763203103	750	29.519504462733412	0.0	353220	3121.09897293605	0.42864996	0.3
2110.620684346658	750	30.56149643638522	0.0	405134	2958.008026348193	0.2077304	0.75
2113.0704209265764	750	32.111759856467124	0.0	386351	2449.736579918094	0.019395672	0.75
2116.7760203574326	750	32.40616042561084	0.0	434409	3705.5994308562813	0.0054716268	0.75
2119.379253832634	750	33.80292695040993	0.0	337059	2603.233475200907	0.006129778	0.75
2121.4870294991433	750	35.69515128390019	0.0	366214	2107.7756665097486	0.004705182	0.75
2123.27425728373	750	37.90792349931365	0.0	360831	1787.2277845865424	0.009634795	0.75
2125.281243602901	750	39.900937180142265	0.0	372963	2006.986319171383	0.17795509	0.75
2127.0697917412754	750	42.11238904176808	0.0	405596	1788.5481383741835	0.38397023	0.75
2129.5656723698116	1200	43.616508413231756	0.0	586839	2495.880628536327	0.12599277	0.75
2132.002125741382	1200	45.18005504166169	0.0	601738	2436.453371570066	0.004705182	1.2
2134.784687074617	1200	46.397493708426154	0.0	616206	2782.561333235538	0.004705182	1.2
2137.860063766097	1200	47.32211701694613	0.0	656471	3075.376691480019	0.0052348906	1.2
2140.594465037558	1200	48.58771574548498	0.0	536667	2734.4012714611563	0.009360586	1.2
2142.8471978684966	1200	50.334982914546465	0.0	587236	2252.7328309385152	0.007486239	1.2
2144.972266483209	1200	52.20991429983426	0.0	590335	2125.0686147122124	0.08367863	1.2
2150.827772211625	2850	50.35440857141796	0.0	1547572	5855.505728416299	0.67862564	1.2000000000000002
2159.5072056420154	2850	45.67497514102772	0.0	1141971	8679.43343039024	0.004705182	2.85
2169.772164404989	2850	39.410016378054394	0.0	1498470	10264.958762973329	0.01551353	2.85
2174.7463515699874	1200	38.4358292130558	0.0	641447	4974.1871649986015	0.7628864	-0.44999999999999996
2177.87266532625	1200	39.3095154567927	0.0	570392	3126.313756263092	0.004705182	1.2
2181.2109035234016	1200	39.971277259641006	0.0	620283	3338.2381971516984	0.004705182	1.2
2184.2885390066376	1200	40.8936417764052	0.0	584349	3077.6354832358134	0.004705182	1.2
2191.1220856563045	1200	38.06009512673819	0.0	670129	6833.546649667005	0.009353298	1.2
2194.1798224123354	1200	39.002358370707135	0.0	690253	3057.736756031049	0.004705182	1.2
2195.488715779646	1200	41.6934650033961	0.0	598727	1308.893367311035	0.01758127	1.2
2197.8812170577203	2850	43.300963725322255	0.0	1139291	2392.50127807385	0.004705182	1.2000000000000002
2200.74668780867	2850	44.435492974372934	0.0	1499009	2865.4707509493164	0.6208228	2.85
2204.8936884821546	4300	44.28849230088814	0.0	2133870	4147.000673484801	0.06973345	2.8499999999999996
2210.633178959916	4300	42.549001823126545	0.0	2146120	5739.490477761596	0.004705182	4.3
2214.7017130713593	4300	42.48046771168347	0.0	2108491	4068.534111443075	0.004705182	4.3
2218.8526298331003	4300	42.32955094994254	0.0	2184571	4150.916761740918	0.004705182	4.3
2225.9436070156326	4300	39.2385737674103	0.0	2121928	7090.97718253225	0.004705182	4.3
2235.7543249320797	4300	33.42785585096318	0.0	2219102	9810.717916447122	0.004705182	4.3
2245.4640110781415	4300	27.71816970490115	0.0	2124950	9709.686146062026	0.004705182	4.3
2256.32421242006	4300	20.857968362982582	0.0	2246506	10860.201341918568	0.015627863	4.3
2262.4798059430095	2850	18.702374840033617	0.0	1231456	6155.593522948966	0.69547087	1.4000000000000001
2269.8685428225563	2850	15.313637960486789	0.0	1364537	7388.7368795468265	0.004705182	2.85

