3496.0529009138168	750	4.0	1.7282306058808998	450283	1728.2306058809	0.20850395	-6.681391605287869
3497.847093198335	750	6.205807715481606	0.0	398865	1794.1922845183947	0.004705182	0.75
3499.5981373539967	750	8.454763559820275	0.0	350812	1751.0441556613293	0.004705182	0.75
3501.256270619227	750	10.796630294589859	0.0	382355	1658.1332652304168	0.011261362	0.75
3503.0457547218507	750	13.007146191966463	0.0	411561	1789.4841026233955	0.005321729	0.75
3504.180718166528	750	15.872182747288894	0.0	318564	1134.9634446775688	0.0051434725	0.75
3504.975802292553	750	19.07709862126419	0.0	352642	795.0841260247032	0.009532287	0.75
3506.380670488002	1200	21.672230425814703	0.0	709534	1404.8681954494855	0.3273456	0.75
3507.501957927808	1200	24.550942986009424	0.0	584846	1121.2874398052813	0.004705182	1.2
3508.754628864173	1200	27.298272049644435	0.0	560821	1252.6709363649898	0.0077407532	1.2
3510.234106204352	1200	29.81879470946536	0.0	607410	1479.4773401790726	0.029357646	1.2
3511.5365839536876	1200	32.5163169601299	0.0	594078	1302.4777493354618	0.13710152	1.2
3514.528827180306	2850	33.52407373351141	0.0	1422919	2992.243226618492	0.21627903	1.2000000000000002
3517.567904764822	2850	34.4849961489955	0.0	1578343	3039.077584515912	0.017650455	2.85
3520.056688502668	2850	35.99621241114938	0.0	1231445	2488.783737846122	0.14186423	2.85
3522.764116623658	2850	37.28878429015893	0.0	1471065	2707.4281209904475	0.04853142	2.85
3525.8653794394645	2850	38.18752147435269	0.0	1491626	3101.262815806233	0.13195151	2.85
3528.9146717001763	2850	39.13822921364058	0.0	1358801	3049.292260712112	0.18051425	2.85
3532.834025721715	2850	39.21887519210178	0.0	1537156	3919.354021538806	0.13371274	2.85
3536.555480398321	2850	39.49742051549607	0.0	1336050	3721.4546766057088	0.07491414	2.85
3539.8741731455507	2850	40.17872776826626	0.0	1415116	3318.6927472298057	0.048261806	2.85
3543.6733551898687	2850	40.379545723948254	0.0	1468126	3799.1820443180054	0.0602094	2.85
3548.353463121687	2850	39.69943779212991	0.0	1505760	4680.107931818337	0.031054556	2.85
3551.5225877949897	2850	40.530313118827095	0.0	1323990	3169.124673302827	0.0136110075	2.85
3554.6023641722445	2850	41.450536741572655	0.0	1383735	3079.7763772544345	0.026212242	2.85
3560.2537727821677	2850	39.79912813164943	0.0	1480464	5651.408609923221	0.047109958	2.85
3565.505946398348	2850	38.54695451546931	0.0	1547572	5252.173616180125	0.004705182	2.85
3568.1007939072524	2850	39.952107006564596	0.0	1141971	2594.8475089047142	0.009175448	2.85
3571.6504610761317	2850	40.40243983768559	0.0	1498470	3549.66716887901	0.026490346	2.85
3574.9457283365996	2850	41.10717257721736	0.0	1561263	3295.2672604682275	0.072957516	2.85
3577.718459722987	2850	42.334441190830304	0.0	1341201	2772.7313863870595	0.5823371	2.85
3582.1508979150663	4300	41.90200299875088	0.0	2147852	4432.4381920794185	0.68073905	2.8499999999999996
3588.1072284138436	4300	39.94567249997369	0.0	2191074	5956.330498777191	0.004705182	4.3
3594.605460508844	4300	37.44744040497325	0.0	2286761	6498.2320950004405	0.004705182	4.3
3600.019447499762	4300	36.03345341405537	0.0	2307787	5413.986990917879	0.004705182	4.3
3605.4188456000193	4300	34.63405531379775	0.0	2143948	5399.398100257618	0.004705182	4.3
3613.4137676969544	4300	30.639133216862803	0.0	1919781	7994.922096934953	0.004705182	4.3
3622.9086181165426	4300	25.14428279727431	0.0	2147467	9494.850419588494	0.10600891	4.3
3627.272679170364	2850	24.780221743453048	0.0	1427478	4364.061053821265	0.69102895	1.4000000000000001
3630.656113789454	2850	25.396787124362767	0.0	1402287	3383.4346190902816	0.0051081525	2.85
3635.444770354209	2850	24.60813055960776	0.0	1339500	4788.656564755011	0.024935585	2.85
3647.776620546395	2850	16.27628036742203	0.0	1527299	12331.85019218573	0.005249378	2.85
3650.6612027779224	1200	17.391698135894593	0.0	599477	2884.582231527434	0.0073741437	-0.44999999999999996
3653.624796237063	1200	18.428104676753918	0.0	634861	2963.593459140672	0.010318901	1.2
3656.342282875737	1200	19.71061803808	0.0	630203	2717.486638673922	0.030977696	1.2
3658.6077695614013	1200	21.445131352415927	0.0	638661	2265.486685664073	0.48711142	1.2
3660.9805295640604	2850	23.07237134975654	0.0	1231456	2372.7600026593846	0.010444755	1.2000000000000002
3665.6120509048174	4300	22.440850008999202	0.0	2155012	4631.521340757337	0.56233853	2.8499999999999996

