8135.358668554522	750	4.0	2.6661221575738243	450283	2666.122157573824	0.115198605	-10.714325277567443
8140.2321086288575	750	4.0	0.8734400743357901	398865	4873.44007433579	0.030678935	-3.005792319643897
8143.122025381967	300	5.1100832468904285	0.0	139857	2889.9167531095723	0.02035444	-0.15000000000000002
8146.386849112402	300	5.8452595164565775	0.0	155432	3264.823730433851	0.004705182	0.3
8149.204902336225	300	7.027206292633773	0.0	163442	2818.0532238228047	0.004705182	0.3
8150.67956896199	300	9.552539666868956	0.0	126289	1474.666625764818	0.004705182	0.3
8151.965668002506	300	12.26644062635205	0.0	153295	1286.099040516905	0.004705182	0.3
8153.516732706132	300	14.715375922727599	0.0	173849	1551.0647036244513	0.0051381835	0.3
8155.014797266768	300	17.21731136209038	0.0	150710	1498.064560637216	0.006034808	0.3
8156.318532028453	300	19.913576600406284	0.0	139105	1303.7347616840975	0.0050905375	0.3
8157.634141300677	300	22.597967328181923	0.0	141840	1315.6092722243607	0.01236326	0.3
8160.394352069372	300	23.8377565594858	0.0	156148	2760.210768696126	0.024789408	0.3
8164.337652053714	300	23.89445657514445	0.0	160746	3943.299984341348	0.013310211	0.3
8165.856321940051	300	26.375786688806585	0.0	179801	1518.6698863378674	0.006469972	0.3
8166.6315972256	300	29.600511403258384	0.0	140051	775.2752855481978	0.0943931	0.3
8167.291136604553	300	32.94097202430556	0.0	138313	659.539378952828	0.67118263	0.3
8168.789106502985	750	35.44300212587307	0.0	360831	1497.9698984324905	0.1241086	0.3
8170.351988370754	750	37.88012025810503	0.0	372963	1562.8818677680404	0.4863949	0.75
8174.273987565838	1200	37.9581210630215	0.0	639204	3921.9991950835292	0.25422385	0.75
8178.6266716601185	1200	37.60543696874075	0.0	586839	4352.684094280752	0.036209356	1.2
8182.870013720435	1200	37.36209490842425	0.0	601738	4243.342060316503	0.09349617	1.2
8185.297291497534	1200	38.93481713132499	0.0	616206	2427.277777099251	0.08612482	1.2
8188.262889244843	1200	39.969219384015716	0.0	656471	2965.597747309276	0.004705182	1.2
8191.019675964673	1200	41.21243266418587	0.0	536667	2756.7867198298422	0.004705182	1.2
8195.605487467703	1200	40.62662116115631	0.0	587236	4585.811503029569	0.004705182	1.2
8200.998551656849	1200	39.23355697201138	0.0	590335	5393.064189144925	0.004705182	1.2
8203.54371927894	1200	40.68838934992043	0.0	696376	2545.1676220909503	0.00866724	1.2
8205.479776168491	1200	42.752332460368386	0.0	487160	1936.0568895520403	0.006314211	1.2
8208.169206411609	1200	44.06290221724949	0.0	622896	2689.430243118901	0.0066678314	1.2
8211.728209181647	1200	44.50389944721071	0.0	641447	3559.0027700387723	0.0293934	1.2
8218.665058594492	1200	41.567050034367334	0.0	570392	6936.849412843378	0.026098834	1.2
8228.237429673998	1200	35.99467895486016	0.0	620283	9572.371079507167	0.004705182	1.2
8233.3377795241	1200	34.89432910475857	0.0	584349	5100.349850101603	0.025029931	1.2
8242.574653105194	1200	29.657455523665565	0.0	670129	9236.873581093003	0.0115125235	1.2
8245.415285900974	1200	30.816822727885278	0.0	690253	2840.6327957802855	0.2212524	1.2
8248.676576856637	1200	31.55553177222125	0.0	598727	3261.290955664028	0.004705182	1.2
8251.474596569284	1200	32.75751205957342	0.0	487812	2798.019712647828	0.004705182	1.2
8257.153246632355	1200	31.078861996502756	0.0	575591	5678.650063070664	0.004705182	1.2
8259.864047363584	1200	32.36806126527342	0.0	605884	2710.8007312293375	0.004705182	1.2
8261.933669474598	1200	34.29843915425906	0.0	587506	2069.6221110143624	0.03997804	1.2
8269.987505707331	2850	30.244602921526347	0.0	1339500	8053.836232732711	0.713857	1.2000000000000002
8279.30640117587	2850	24.92570745298649	0.0	1527299	9318.895468539858	0.0047227037	2.85
8285.009703262227	2850	23.22240536662982	0.0	1343002	5703.3020863566735	0.19377998	2.85
8303.687778021971	2850	8.54433060688686	0.0	1587250	18678.074759742958	0.004705182	2.85
8305.107251204065	300	11.124857424793957	0.0	167025	1419.4731820929003	0.004705182	-2.25
8308.687702277859	750	11.544406350999385	0.0	393804	3580.451073794573	0.5803045	0.3
8314.321045456254	750	9.911063172604468	0.0	331053	5633.343178394916	0.22215314	0.75
8316.647720313927	300	11.584388314930187	0.0	118421	2326.6748576742807	0.6091189	-0.15000000000000002

