1069.2481470887508	750	4.0	0.9321555281170851	450283	932.1555281170852	0.005065252	-3.2582687709034657
1070.03268814138	750	7.2154589473707595	0.0	398865	784.541052629241	0.014362121	0.75
1070.688588502211	750	10.55955858654001	0.0	350812	655.9003608307488	0.48675543	0.75
1071.783548008936	1200	13.464599079814931	0.0	617681	1094.9595067250798	0.028406344	0.75
1072.9884145025844	1200	16.25973258616643	0.0	652874	1204.8664936485	0.004705182	1.2
1073.9628404230198	1200	19.28530666573089	0.0	520315	974.4259204355437	0.004705182	1.2
1075.0233460766513	1200	22.224801012099494	0.0	561791	1060.505653631395	0.011772865	1.2
1076.2635851711864	1200	24.98456191756435	0.0	709534	1240.2390945351488	0.06464563	1.2
1078.5816769306807	2850	26.666470158070002	0.0	1348011	2318.091759494347	0.01783228	1.2000000000000002
1081.2479465699857	2850	28.00020051876494	0.0	1429765	2666.26963930506	0.023886345	2.85
1084.3227464720956	2850	28.9254006166551	0.0	1354548	3074.7999021098412	0.039046094	2.85
1087.693997365478	2850	29.554149723272797	0.0	1519951	3371.250893382305	0.00984346	2.85
1090.91733867345	2850	30.330808415300694	0.0	1422919	3223.3413079721017	0.009437362	2.85
1094.2496094136554	2850	30.99853767509519	0.0	1578343	3332.2707402055007	0.0060895546	2.85
1096.4882717143544	2850	32.75987537439632	0.0	1231445	2238.6623006988657	0.015222613	2.85
1099.252052986124	2850	33.99609410262668	0.0	1471065	2763.7812717696465	0.021536214	2.85
1102.005523515245	2850	35.2426235735059	0.0	1491626	2753.4705291207774	0.023144627	2.85
1104.6698621762753	2850	36.578284912475475	0.0	1358801	2664.338661030433	0.1225704	2.85
1107.6010302621764	2850	37.64711682657435	0.0	1537156	2931.168085901124	0.10315143	2.85
1110.6423794003124	2850	38.60576768843821	0.0	1336050	3041.349138136133	0.5065519	2.85
1113.5278961147894	2850	39.72025097396112	0.0	1415116	2885.5167144770935	0.42150125	2.85
1116.2086931534527	2850	41.03945393529774	0.0	1468126	2680.7970386633788	0.6900126	2.85
1120.308286684571	4300	40.939860404179626	0.0	2221506	4099.593531118115	0.584744	2.8499999999999996
1124.1185251866045	4300	41.12962190214599	0.0	2044075	3810.23850203364	0.004705182	4.3
1128.1437111944401	4300	41.10443589431067	0.0	2186790	4025.186007835323	0.004705182	4.3
1131.8467360855902	4300	41.40141100316051	0.0	2105231	3703.0248911501594	0.004705182	4.3
1136.335100796795	4300	40.913046291955695	0.0	2395588	4488.364711204814	0.004705182	4.3
1139.9099074169455	4300	41.338239671805106	0.0	1972048	3574.806620150592	0.004705182	4.3
1143.6390944465334	4300	41.60905264221731	0.0	2134614	3729.187029587793	0.004705182	4.3
1147.8995462633666	4300	41.34860082538428	0.0	2164140	4260.451816833023	0.004705182	4.3
1152.0834915293424	4300	41.16465555940818	0.0	2113193	4183.945265976103	0.004705182	4.3
1156.147898865795	4300	41.10024822295564	0.0	2147852	4064.4073364525425	0.004705182	4.3
1160.3856377816649	4300	40.862509307085745	0.0	2191074	4237.738915869896	0.004705182	4.3
1164.6839778702824	4300	40.56416921846826	0.0	2286761	4298.340088617486	0.004705182	4.3
1168.888057259938	4300	40.36008982881274	0.0	2307787	4204.079389655517	0.004705182	4.3
1172.9821775145674	4300	40.26596957418333	0.0	2143948	4094.120254629413	0.004705182	4.3
1176.6390721927646	4300	40.60907489598615	0.0	1919781	3656.8946781971795	0.004705182	4.3
1180.5478177609252	4300	40.70032932782544	0.0	2147467	3908.745568160703	0.004705182	4.3
1184.2508047469494	4300	40.99734234180128	0.0	2133870	3702.986986024164	0.004705182	4.3
1187.9107723330453	4300	41.33737475570525	0.0	2146120	3659.9675860960256	0.004705182	4.3
1191.9876874457957	4300	41.26045964295488	0.0	2108491	4076.9151127503746	0.004705182	4.3
1196.7651781225604	4300	40.482968966190036	0.0	2184571	4777.490676764843	0.004705182	4.3
1201.450712204785	4300	39.7974348839655	0.0	2121928	4685.534082224533	0.004705182	4.3
1205.7830536680124	4300	39.46509342073811	0.0	2219102	4332.341463227395	0.004705182	4.3
1209.6987792142918	4300	39.54936787445856	0.0	2124950	3915.725546279547	0.004705182	4.3
1213.9735983595936	4300	39.274548729156834	0.0	2246506	4274.819145301727	0.004705182	4.3
1217.765690625305	4300	39.48245646344553	0.0	1961140	3792.0922657113015	0.004705182	4.3
1222.3453695989033	4300	38.90277748984724	0.0	2155012	4579.678973598289	0.004705182	4.3

