17650.410807549713	750	4.0	7.947206251782381	450283	7947.2062517823815	0.3006559	-33.42298688266424
17653.169200073884	300	5.241607475832228	0.0	155580	2758.392524167771	0.004705182	-0.15000000000000002
17656.336248715867	300	6.07455883384848	0.0	139857	3167.048641983749	0.004705182	0.3
17660.86212770835	300	5.548679841364558	0.0	155432	4525.878992483921	0.004705182	0.3
17663.57656772766	300	6.834239822051922	0.0	163442	2714.4400193126367	0.004705182	0.3
17666.117796136125	300	8.293011413587552	0.0	126289	2541.2284084643697	0.004705182	0.3
17669.35901757969	300	9.051789970024087	0.0	153295	3241.2214435634646	0.004705182	0.3
17672.74339972381	300	9.667407825900725	0.0	173849	3384.3821441233636	0.004705182	0.3
17675.525881028112	300	10.88492652160276	0.0	150710	2782.481304297964	0.004705182	0.3
17678.94127424696	300	11.469533302755298	0.0	139105	3415.39321884746	0.004705182	0.3
17683.52713698369	300	10.883670566026595	0.0	141840	4585.862736728704	0.004705182	0.3
17687.81050830447	300	10.600299245246603	0.0	156148	4283.371320779992	0.004705182	0.3
17692.930709951215	300	9.48009759850249	0.0	160746	5120.2016467441135	0.004705182	0.3
17697.92615999118	300	8.484647558536341	0.0	179801	4995.4500399661465	0.004705182	0.3
17701.13606696178	300	9.274740587940252	0.0	140051	3209.9069705960896	0.004705182	0.3
17703.428104862694	300	10.982702687027935	0.0	138313	2292.037900912317	0.004705182	0.3
17704.911666924738	300	13.499140624984948	0.0	143509	1483.5620620429872	0.004705182	0.3
17706.891711886354	300	15.51909566336796	0.0	150616	1980.0449616169876	0.004705182	0.3
17710.07173555813	300	16.339071991592878	0.0	165384	3180.0236717750818	0.004705182	0.3
17713.042774355832	300	17.36803319389052	0.0	140881	2971.0387977023593	0.004705182	0.3
17716.308718540306	300	18.102089009415828	0.0	157671	3265.9441844746907	0.004705182	0.3
17719.36443894316	300	19.04636860655997	0.0	157812	3055.7204028558604	0.004705182	0.3
17722.072634284286	300	20.338173265434783	0.0	163927	2708.1953411251857	0.004705182	0.3
17723.684172486435	300	22.726635063288555	0.0	137654	1611.5382021462294	0.0047629997	0.3
17725.22496628537	300	25.1858412643585	0.0	146754	1540.793798930055	0.01985566	0.3
17726.703665637175	300	27.707141912550142	0.0	153938	1478.6993518083589	0.10385747	0.3
17728.43339020994	300	29.97741733978669	0.0	181901	1729.7245727634518	0.6355794	0.3
17731.002444732272	750	31.408362817456126	0.0	277716	2569.054522330565	0.352681	0.3
17734.985377761368	750	31.425429788360027	0.0	400396	3982.9330290961007	0.004705182	0.75
17740.040270984016	750	30.37053656571292	0.0	400508	5054.893222647106	0.004721415	0.75
17743.996837747574	750	30.41396980215556	0.0	358218	3956.5667635573623	0.004705182	0.75
17750.19460874831	750	28.216198801420386	0.0	400322	6197.771000735174	0.00518555	0.75
17755.997186051973	750	26.413621497757305	0.0	369834	5802.577303663082	0.004705182	0.75
17760.764592167154	750	25.646215382576898	0.0	412837	4767.406115180405	0.004705182	0.75
17764.002683852523	750	26.408123697208246	0.0	401088	3238.0916853686513	0.004705182	0.75
17767.399004374653	750	27.0118031750783	0.0	365161	3396.3205221299504	0.036526516	0.75
17773.007640699365	750	25.403166850365377	0.0	321064	5608.63632471292	0.06104422	0.75
17777.86601951218	750	24.544788037549363	0.0	361565	4858.378812816016	0.004705182	0.75
17782.64422957548	750	23.76657797425218	0.0	378327	4778.210063297182	0.007694368	0.75
17786.409493324703	750	24.0013142250234	0.0	390680	3765.2637492287777	0.007897447	0.75
17789.9276584161	750	24.483149133629265	0.0	345516	3518.1650913941376	0.030286344	0.75
17792.603487723227	750	25.80731982650062	0.0	384505	2675.8293071286425	0.051914107	0.75
17795.123168012913	750	27.28763953681525	0.0	372093	2519.680289685374	0.5959984	0.75
17804.852903366274	1200	21.55790418345418	0.0	634861	9729.735353361066	0.18773767	0.75
17814.245381020777	750	16.1654265289525	0.0	398987	9392.477654501681	0.4995493	0.3
17821.5719741904	750	12.838833359331463	0.0	393804	7326.593169621037	0.15201098	0.75
17827.69113804223	750	10.719669507501342	0.0	331053	6119.163851830122	0.54000187	0.75
17830.591907946346	300	11.818899603387404	0.0	118421	2900.7699041139367	0.65041304	-0.15000000000000002

