10424.841865558405	750	4.0	2.7039540741785544	450283	2703.9540741785545	0.004705182	-10.877002518967783
10426.865369874806	750	5.976495683599848	0.0	398865	2023.504316400153	0.03783909	0.75
10428.479589642462	750	8.362275915944526	0.0	350812	1614.2197676553199	0.0061475923	0.75
10430.189549428924	750	10.652316129483326	0.0	382355	1709.9597864611994	0.018402006	0.75
10432.950853377728	750	11.891012180679297	0.0	411561	2761.303948804029	0.009181468	0.75
10435.799613883792	750	13.042251674615965	0.0	318564	2848.7605060633327	0.036775485	0.75
10438.337189284439	750	14.50467627396963	0.0	352642	2537.575400646334	0.4646795	0.75
10442.811524960116	750	14.030340598292385	0.0	437162	4474.335675677246	0.60716206	0.75
10445.188079955167	300	15.653785603239276	0.0	150710	2376.55499505311	0.4721885	-0.15000000000000002
10446.155081912697	300	18.686783645710136	0.0	139105	967.0019575291399	0.009131902	0.3
10447.149191675566	300	21.69267388284091	0.0	141840	994.109762869225	0.111668915	0.3
10448.18328800387	300	24.65857755453744	0.0	156148	1034.0963283034703	0.15680838	0.3
10449.302981340861	300	27.53888421754563	0.0	160746	1119.6933369918133	0.18356732	0.3
10450.475012096138	300	30.366853462268352	0.0	179801	1172.0307552772808	0.5330527	0.3
10452.403725509259	750	32.43814004914696	0.0	337059	1928.7134131213897	0.48635766	0.3
10454.615445215159	750	34.22642034324877	0.0	366214	2211.719705898187	0.0048188623	0.75
10456.574299765482	750	36.26756579292618	0.0	360831	1958.8545503225937	0.008910187	0.75
10458.385572214156	750	38.45629334425086	0.0	372963	1811.2724486753207	0.09186957	0.75
10461.335415819207	1200	39.50644973920034	0.0	639204	2949.843605050517	0.64822817	0.75
10464.071929709444	1200	40.76993584896326	0.0	586839	2736.513890237085	0.006395586	1.2
10467.508245897663	1200	41.333619660743054	0.0	601738	3436.3161882202007	0.004705182	1.2
10473.405792064877	1200	39.43607349353045	0.0	616206	5897.5461672126	0.004705182	1.2
10477.654574937651	1200	39.187290620756905	0.0	656471	4248.782872773548	0.06455287	1.2
10481.17951074336	1200	39.6623548150477	0.0	536667	3524.935805709201	0.008134413	1.2
10484.308911639015	1200	40.532953919394785	0.0	587236	3129.4008956529156	0.007748428	1.2
10494.58716471832	1200	34.25470084008997	0.0	590335	10278.253079304823	0.004705182	1.2
10497.970845920918	750	34.871019637490946	0.0	425781	3383.681202599025	0.61304027	0.3
10501.049923166629	750	35.791942391781134	0.0	277716	3079.077245709802	0.40745375	0.75
10504.750167199642	750	36.09169835876886	0.0	400396	3700.2440330122768	0.06534882	0.75
10507.495155789458	750	37.34670976895073	0.0	400508	2744.988589818132	0.09520592	0.75
10511.272833118228	1200	37.569032440181296	0.0	570392	3777.6773287694286	0.6717944	0.75
10515.517593160192	1200	37.32427239821824	0.0	620283	4244.760041963052	0.0059410017	1.2
10518.712137030661	1200	38.12972852774787	0.0	584349	3194.5438704703697	0.0050722393	1.2
10523.622743392185	1200	37.21912216622507	0.0	670129	4910.606361522807	0.004705182	1.2
10528.380382406194	1200	36.46148315221598	0.0	690253	4757.6390140090925	0.004705182	1.2
10534.07599939396	1200	34.7658661644509	0.0	598727	5695.6169877650855	0.004705182	1.2
10537.059987982435	1200	35.781877575974185	0.0	487812	2983.988588476714	0.004705182	1.2
10541.60988814407	1200	35.23197741433919	0.0	575591	4549.900161634992	0.004705182	1.2
10545.062133052546	1200	35.779732505862206	0.0	605884	3452.244908476984	0.004705182	1.2
10549.018908925995	1200	35.822956632413245	0.0	587506	3956.7758734489635	0.012477952	1.2
10558.105966238594	1200	30.73589931981517	0.0	566904	9087.057312598075	0.015310992	1.2
10567.208581335864	1200	25.63328422254394	0.0	641452	9102.615097271235	0.014312552	1.2
10573.508735798156	1200	23.33312976025255	0.0	599477	6300.154462291386	0.04247929	1.2
10578.107410864746	1200	22.734454693662073	0.0	634861	4598.675066590479	0.035905927	1.2
10581.848266923751	1200	22.993598634657182	0.0	630203	3740.8560590048924	0.00550282	1.2
10585.193118551933	1200	23.648747006474878	0.0	638661	3344.8516281823026	0.004705182	1.2
10587.864251842086	1200	24.977613716324026	0.0	538612	2671.133290150852	0.009795016	1.2
10590.629949334472	1200	26.211916223937646	0.0	550906	2765.6974923863822	0.096263535	1.2

