17296.718450686516	750	4.0	5.460500454044817	450283	5460.500454044817	0.62277466	-22.730151952392713
17298.018005312115	300	6.700445374400823	0.0	155580	1299.5546255991767	0.0056630024	-0.15000000000000002
17299.15549501509	300	9.562955671427938	0.0	139857	1137.489702972886	0.053877324	0.3
17300.349807377086	300	12.368643309431896	0.0	155432	1194.3123619960415	0.0063715377	0.3
17301.546513180187	300	15.171937506333434	0.0	163442	1196.7058030984626	0.080483824	0.3
17302.40830854884	300	18.310142137681243	0.0	126289	861.7953686521879	0.2076992	0.3
17303.49344110764	300	21.22500957888139	0.0	153295	1085.1325587998513	0.08323591	0.3
17305.109054901055	300	23.609395785464102	0.0	173849	1615.613793417292	0.07598121	0.3
17306.411366256147	300	26.307084430371702	0.0	150710	1302.3113550923977	0.05611936	0.3
17307.428287854586	300	29.29016283193432	0.0	139105	1016.9215984373803	0.30887723	0.3
17308.41132160128	300	32.30712908523843	0.0	141840	983.0337466958925	0.5577226	0.3
17309.437529069288	300	35.28092161723035	0.0	156148	1026.2074680080786	0.67404366	0.3
17312.468894722773	750	36.249555963745905	0.0	386351	3031.365653484446	0.22219044	0.3
17316.12439079391	750	36.59405989261327	0.0	434409	3655.496071132647	0.0047063734	0.75
17318.581020062844	750	38.13743062367775	0.0	337059	2456.6292689355146	0.004705182	0.75
17321.828852298255	750	38.88959838826722	0.0	366214	3247.8322354105353	0.004705182	0.75
17326.6217986481	750	38.09665203842227	0.0	360831	4792.946349844951	0.004705182	0.75
17332.108447529175	750	36.61000315734777	0.0	372963	5486.648881074498	0.004705182	0.75
17337.66077135947	750	35.057679327053826	0.0	405596	5552.323830293944	0.004705182	0.75
17340.610223152766	750	36.10822753375824	0.0	350713	2949.4517932955823	0.004705182	0.75
17345.528985114757	750	35.18946557176627	0.0	386472	4918.761961991971	0.004705182	0.75
17350.011603742714	750	34.706846943807854	0.0	399894	4482.618627958414	0.004705182	0.75
17355.4408243021	750	33.27762638442438	0.0	401853	5429.220559383477	0.004705182	0.75
17358.067798302985	750	34.65065238353816	0.0	343800	2626.9740008862195	0.004705182	0.75
17361.718468105144	750	34.99998258137723	0.0	359903	3650.6698021609213	0.0077730804	0.75
17368.878190719835	750	31.840259966685277	0.0	379700	7159.7226146919575	0.0049643256	0.75
17373.256374734803	750	31.46207595171524	0.0	425781	4378.184014970035	0.004705182	0.75
17375.913839303306	750	32.80461138321273	0.0	277716	2657.4645685025057	0.0052381135	0.75
17380.340630492203	750	32.37782019431765	0.0	400396	4426.791188895082	0.006260086	0.75
17383.64692018781	750	33.07153049871356	0.0	400508	3306.289695604095	0.0052097836	0.75
17385.948802620558	750	34.76964806596153	0.0	358218	2301.882432752019	0.047734283	0.75
17388.45411905407	750	36.26433163245346	0.0	400322	2505.316433508073	0.6552584	0.75
17390.791334328664	750	37.927116357858246	0.0	369834	2337.2152745952094	0.48730674	0.75
17395.21981922033	1200	37.49863146619513	0.0	670129	4428.4848916631245	0.23759094	0.75
17399.617076067138	1200	37.101374619384046	0.0	690253	4397.256846811075	0.004705182	1.2
17403.38065384279	1200	37.33779684373558	0.0	598727	3763.577775648466	0.0047570136	1.2
17406.92698222987	1200	37.791468456653966	0.0	487812	3546.3283870816163	0.006733407	1.2
17410.18907500218	1200	38.52937568434093	0.0	575591	3262.0927723130353	0.004775463	1.2
17414.31733613956	1200	38.401114546961786	0.0	605884	4128.261137379142	0.014506521	1.2
17418.69705353403	1200	38.0213971524908	0.0	587506	4379.717394470986	0.018940741	1.2
17421.903670687556	1200	38.81477999896665	0.0	566904	3206.6171535241456	0.023752047	1.2
17425.449841491525	1200	39.26860919499937	0.0	641452	3546.1708039672812	0.121489726	1.2
17429.196070314603	1200	39.52238037191792	0.0	599477	3746.22882308145	0.71679795	1.2
17440.414477027112	2850	32.30397365941165	0.0	1587250	11218.406712506267	0.58917356	1.2000000000000002
17454.61696120172	2850	22.101489484803235	0.0	1464921	14202.48417460842	0.11093355	2.85
17460.238779951953	1200	20.479670734569606	0.0	638661	5621.8187502336295	0.004705182	-0.44999999999999996
17463.65367325953	1200	21.064777426992986	0.0	538612	3414.893307576617	0.005531133	1.2
17466.96422684017	1200	21.754223846356126	0.0	550906	3310.55358063686	0.004705182	1.2

