24833.67655899381	750	4.0	3.8635903273045304	450283	3863.5903273045305	0.07469724	-15.863438407409479
24837.161321105854	750	4.515237887960503	0.0	398865	3484.762112039497	0.3895944	0.75
24838.24979383699	300	7.426765156826241	0.0	139857	1088.4727311342613	0.30550224	-0.15000000000000002
24839.41458952191	300	10.26196947190255	0.0	155432	1164.795684923692	0.013512064	0.3
24840.715478082337	300	12.961080911476493	0.0	163442	1300.8885604260586	0.057776295	0.3
24841.764733011423	300	15.911825982386645	0.0	126289	1049.2549290898478	0.34114134	0.3
24843.126703665304	300	18.54985532850625	0.0	153295	1361.9706538803955	0.052087713	0.3
24844.773173722246	300	20.90338527156673	0.0	173849	1646.4700569395218	0.027938046	0.3
24846.00390896603	300	23.67265002778135	0.0	150710	1230.7352437853808	0.045990344	0.3
24848.833881393548	750	24.842677600263848	0.0	362795	2829.972427517502	0.12026152	0.3
24851.534015223973	750	26.14254376984084	0.0	353220	2700.1338304230035	0.5211927	0.75
24854.945861628814	750	26.730697364996136	0.0	405134	3411.846404844705	0.23865727	0.75
24858.59037096853	750	27.086188025283047	0.0	386351	3644.50933971309	0.18021385	0.75
24862.615246088713	750	27.061312905098386	0.0	434409	4024.875120184658	0.09327553	0.75
24865.85597083138	750	27.820588162431555	0.0	337059	3240.724742666834	0.06225276	0.75
24869.691430465202	750	27.98512852860777	0.0	366214	3835.459633823787	0.023092914	0.75
24875.20070496573	750	26.475854028082914	0.0	360831	5509.274500524854	0.013248286	0.75
24883.819551936416	750	21.857007057395492	0.0	372963	8618.846970687424	0.11689951	0.75
24887.821511832848	300	21.85504716096327	0.0	165384	4001.9598964322217	0.05182952	-0.15000000000000002
24891.493718836933	300	22.182840156878928	0.0	140881	3672.207004084341	0.0054872814	0.3
24895.39217152987	300	22.28438746394093	0.0	157671	3898.4526929379967	0.004705182	0.3
24899.062273462292	300	22.614285531520228	0.0	157812	3670.101932420702	0.004705182	0.3
24902.8926992615	300	22.78385973231167	0.0	163927	3830.4257992085586	0.004705182	0.3
24905.28487162065	300	24.39168737316069	0.0	137654	2392.1723591509794	0.0050940234	0.3
24909.217301450542	300	24.45925754326923	0.0	146754	3932.4298298914573	0.011983532	0.3
24914.06048922143	300	23.61606977238602	0.0	153938	4843.18777088321	0.007968073	0.3
24918.69601928019	300	22.98053971362425	0.0	181901	4635.53005876177	0.013322539	0.3
24920.50402092382	300	25.17253806998819	0.0	111155	1808.0016436360595	0.021333557	0.3
24922.261582980525	300	27.41497601328594	0.0	153605	1757.5620567022486	0.0884099	0.3
24926.207347367184	750	27.46921162662454	0.0	400508	3945.764386661401	0.4361794	0.3
24932.349338102813	750	25.3272208909981	0.0	358218	6141.990735626439	0.006200702	0.75
24943.291925111258	750	18.38463388255385	0.0	400322	10942.587008444249	0.04072511	0.75
24947.197844830593	300	18.478714163218278	0.0	143881	3905.919719335569	0.009800559	-0.15000000000000002
24951.36434581242	300	18.312213181389208	0.0	163444	4166.500981829071	0.0148394825	0.3
24955.809268638517	300	17.867290355291264	0.0	179328	4444.922826097944	0.01700571	0.3
24960.467440951328	300	17.209118042479176	0.0	159914	4658.172312812091	0.019847931	0.3
24963.91824903213	300	17.758309961680716	0.0	131610	3450.8080807984584	0.010585837	0.3
24966.15343536528	300	19.523123628529497	0.0	124011	2235.1863331512177	0.02061155	0.3
24968.40397987905	300	21.272579114757754	0.0	144254	2250.5445137717447	0.11357808	0.3
24976.421066772236	750	17.255492221570524	0.0	390680	8017.086893187233	0.27447754	0.3
24979.68363163216	300	17.992927361648974	0.0	147968	3262.5648599215515	0.28106424	-0.15000000000000002
24984.159855703165	300	17.516703290646866	0.0	161857	4476.224071002107	0.23624706	0.3
24988.04037019899	300	17.6361887948218	0.0	145210	3880.5144958250676	0.195117	0.3
24991.51477625331	300	18.161782740500463	0.0	172312	3474.4060543213322	0.25008506	0.3
24994.659445005054	300	19.017113988754872	0.0	167025	3144.668751745595	0.43105215	0.3
25000.029575982204	750	17.646983011604416	0.0	393804	5370.130977150457	0.68164945	0.3
25005.772049179726	750	15.90450981408625	0.0	331053	5742.473197518165	0.009758161	0.75
25011.788416315652	750	13.888142678160362	0.0	314107	6016.367135925888	0.04889441	0.75

