18387.999734978275	750	4.0	8.793419615156727	450283	8793.419615156727	0.006188166	-37.06170434517393
18391.00009628553	300	4.999638692742964	0.0	155580	3000.361307257036	0.004705182	-0.15000000000000002
18393.62883291658	300	6.370902061693952	0.0	139857	2628.7366310490115	0.004705182	0.3
18396.108093881034	300	7.89164109724028	0.0	155432	2479.2609644536724	0.004705182	0.3
18398.51808059641	300	9.481654381865631	0.0	163442	2409.9867153746472	0.004705182	0.3
18400.513566062993	300	11.486168915281535	0.0	126289	1995.4854665840983	0.004705182	0.3
18402.78989165218	300	13.209843326092562	0.0	153295	2276.3255891889726	0.004705182	0.3
18405.332546892037	300	14.667188086239829	0.0	173849	2542.655239852732	0.004705182	0.3
18407.555674286625	300	16.44406069165086	0.0	150710	2223.1273945889648	0.004705182	0.3
18409.56393897539	300	18.435796002888004	0.0	139105	2008.2646887628573	0.004705182	0.3
18411.54506881625	300	20.454666162028737	0.0	141840	1981.1298408592681	0.004705182	0.3
18413.63834351719	300	22.36139146108724	0.0	156148	2093.274700941496	0.004705182	0.3
18416.013741965224	300	23.9859930130511	0.0	160746	2375.3984480361405	0.0053798943	0.3
18418.87006781393	300	25.129667164346053	0.0	179801	2856.325848705047	0.0056934133	0.3
18420.874035071567	300	27.125699906709723	0.0	140051	2003.9672576363284	0.006544769	0.3
18423.386673762096	300	28.61306121618041	0.0	138313	2512.638690529316	0.0097285295	0.3
18425.714902707066	300	30.284832271209286	0.0	143509	2328.228944971123	0.010790136	0.3
18427.78866455135	300	32.21107042692549	0.0	150616	2073.7618442838	0.024837192	0.3
18430.161233960334	300	33.83850101794149	0.0	165384	2372.5694089839944	0.1067784	0.3
18435.610634334447	750	32.389100643827064	0.0	350713	5449.400374114423	0.27460867	0.3
18442.468807185433	750	29.53092779284344	0.0	386472	6858.17285098363	0.32611585	0.75
18448.00854878515	750	27.991186193127287	0.0	399894	5539.7415997161515	0.48325118	0.75
18454.077362298514	750	25.92237267976254	0.0	401853	6068.813513364748	0.115016244	0.75
18459.481673209175	750	24.518061769101344	0.0	343800	5404.3109106611955	0.12734063	0.75
18465.32860195468	750	22.67113302359524	0.0	359903	5846.928745506105	0.09429088	0.75
18471.416051593413	750	20.58368338486386	0.0	379700	6087.449638731378	0.10909167	0.75
18478.123294940375	750	17.876440037902213	0.0	425781	6707.243346961647	0.07327972	0.75
18482.2547130458	750	17.745021932476543	0.0	277716	4131.4181054256715	0.24183607	0.75
18486.767158894403	750	17.232576083875195	0.0	400396	4512.445848601347	0.28162163	0.75
18490.5481141376	750	17.45162084067869	0.0	400508	3780.955243196505	0.058304068	0.75
18494.097479211458	750	17.902255766822844	0.0	358218	3549.365073855847	0.01181344	0.75
18498.86982785962	750	17.129907118657837	0.0	400322	4772.348648165008	0.009395307	0.75
18503.25127341958	750	16.74846155869939	0.0	369834	4381.445559958447	0.020196669	0.75
18508.313198004023	750	15.686536974258944	0.0	412837	5061.924584440445	0.010601206	0.75
18515.433857080436	750	12.565877897842576	0.0	401088	7120.659076416368	0.028808186	0.75
18517.992245056994	300	14.007489921285222	0.0	159914	2558.387976557354	0.20808718	-0.15000000000000002
18519.65940587429	300	16.340329103989465	0.0	131610	1667.1608172957576	0.024593337	0.3
18521.328011167116	300	18.671723811163297	0.0	124011	1668.6052928261677	0.1625245	0.3
18523.034924014326	300	20.964810963953546	0.0	144254	1706.9128472097493	0.2966544	0.3
18524.816114224624	300	23.183620753657543	0.0	149991	1781.190210296006	0.5817173	0.3
18529.326596220904	750	22.673138757377938	0.0	345516	4510.481996279602	0.09086573	0.3
18533.9925167728	750	22.007218205481994	0.0	384505	4665.920551895946	0.004716386	0.75
18538.051260316846	750	21.94847466143743	0.0	372093	4058.743544044561	0.0051624645	0.75
18543.143163060915	750	20.85657191736822	0.0	438281	5091.902744069206	0.011401846	0.75
18548.344468163967	750	19.655266814315755	0.0	398987	5201.305103052466	0.015497026	0.75
18553.17403526092	750	18.8256997173651	0.0	393804	4829.567096950658	0.0140129775	0.75
18557.314086712915	750	18.685648265368087	0.0	331053	4140.051451997013	0.023791568	0.75
18560.994416650414	750	19.005318327870256	0.0	314107	3680.3299374978315	0.018848177	0.75

