21435.1050527349	750	4.0	3.5949223786930258	450283	3594.9223786930256	0.011204921	-14.70816622838001
21436.48937441883	300	6.615678316071856	0.0	155580	1384.3216839281442	0.67595464	-0.15000000000000002
21437.604172251242	300	9.50088048365893	0.0	139857	1114.7978324129251	0.23864076	0.3
21439.016682721714	300	12.088370013187337	0.0	155432	1412.510470471593	0.0338935	0.3
21440.617536908492	300	14.487515826408966	0.0	163442	1600.854186778372	0.11362706	0.3
21441.92896339058	300	17.176089344323156	0.0	126289	1311.426482085812	0.14396311	0.3
21443.43352950789	300	19.671523227009967	0.0	153295	1504.5661173131884	0.021397794	0.3
21444.994864800483	300	22.110187934418768	0.0	173849	1561.3352925911972	0.022179456	0.3
21446.07744365585	300	25.027609079054763	0.0	150710	1082.5788553640045	0.05681531	0.3
21447.419853383228	300	27.68519935167388	0.0	139105	1342.4097273808839	0.21126059	0.3
21448.74511897033	300	30.35993376457225	0.0	141840	1325.2655871016277	0.127755	0.3
21450.17296944619	300	32.93208328871201	0.0	156148	1427.850475860242	0.2079152	0.3
21453.14035129938	750	33.96470143552324	0.0	386351	2967.381853188762	0.630308	0.3
21456.361564074778	750	34.74348866012504	0.0	434409	3221.2127753981977	0.009728354	0.75
21459.1072794041	750	35.997773330800975	0.0	337059	2745.7153293240644	0.0048983553	0.75
21462.30585164195	750	36.79920109294763	0.0	366214	3198.572237853357	0.004705182	0.75
21465.269822711605	750	37.835230023294514	0.0	360831	2963.9710696531133	0.004705182	0.75
21468.297497746025	750	38.807554988876085	0.0	372963	3027.6750344184256	0.00470797	0.75
21471.422294367265	750	39.68275836763474	0.0	405596	3124.796621241348	0.005637306	0.75
21474.44906666781	750	40.6559860670897	0.0	350713	3026.7723005450443	0.012763514	0.75
21477.716499380957	750	41.38855335394319	0.0	386472	3267.4327131465093	0.015524232	0.75
21481.040756008675	750	42.06429672622872	0.0	399894	3324.256627714467	0.031307206	0.75
21485.030025915432	750	42.07502681947072	0.0	401853	3989.269906757999	0.069663964	0.75
21488.217132313708	750	42.88792042119398	0.0	343800	3187.1063982767423	0.04793611	0.75
21491.701614172747	750	43.40343856215755	0.0	359903	3484.4818590364266	0.090436675	0.75
21496.09420329483	750	43.010849440075745	0.0	379700	4392.589122081802	0.12821148	0.75
21500.806522192517	750	42.29853054238816	0.0	425781	4712.318897687589	0.062081717	0.75
21503.378887106184	750	43.726165628719826	0.0	277716	2572.3649136683334	0.119443685	0.75
21506.837692798563	750	44.26735993634086	0.0	400396	3458.8056923789736	0.27463147	0.75
21510.541043866924	750	44.56400886797824	0.0	400508	3703.3510683626214	0.65067124	0.75
21516.200824857096	1200	42.904227877804864	0.0	570392	5659.7809901733735	0.68688136	0.75
21521.957691713276	1200	41.147361021625926	0.0	620283	5756.8668561789345	0.025729377	1.2
21527.930537202872	1200	39.17451553203004	0.0	584349	5972.845489595884	0.012181479	1.2
21536.696604703917	1200	34.40844803098562	0.0	670129	8766.067501044425	0.022109479	1.2
21543.294981298062	1200	31.810071436842257	0.0	690253	6598.37659414336	0.20732653	1.2
21549.207589394864	1200	29.89746334004231	0.0	598727	5912.608096799942	0.0501638	1.2
21553.929928452635	1200	29.175124282274453	0.0	487812	4722.3390577678565	0.038194217	1.2
21558.472068548992	1200	28.63298418591561	0.0	575591	4542.140096358842	0.04715502	1.2
21564.583818176867	1200	26.521234558042657	0.0	605884	6111.749627872957	0.009042502	1.2
21571.956580975275	1200	23.14847175963254	0.0	587506	7372.762798410117	0.030357152	1.2
21580.853793867987	1200	18.251258866920914	0.0	566904	8897.212892711623	0.19287153	1.2
21588.177519019802	750	14.927533715107987	0.0	384505	7323.725151812927	0.24595639	0.3
21594.837053311192	750	12.267999423716597	0.0	372093	6659.53429139139	0.0050825384	0.75
21599.59701023553	750	11.508042499373202	0.0	438281	4759.956924343395	0.086556755	0.75
21603.41448340113	750	11.690569333775851	0.0	398987	3817.4731655973496	0.010783749	0.75
21607.223498318424	750	11.881554416484535	0.0	393804	3809.0149172913148	0.0053077363	0.75
21610.39036384617	750	12.714688888734997	0.0	331053	3166.8655277495377	0.0058331783	0.75
21613.653064831888	750	13.45198790302057	0.0	314107	3262.7009857144276	0.0069138794	0.75

