18927.234387950084	750	4.0	6.275717151967713	450283	6275.717151967713	0.00998301	-26.235583753461167
18929.40907066844	300	5.825317281643536	0.0	155580	2174.6827183564637	0.004705182	-0.15000000000000002
18931.49499517284	300	7.7393927772440305	0.0	139857	2085.924504399506	0.004705182	0.3
18935.42196100864	300	7.812426941441434	0.0	155432	3926.9658358025963	0.004705182	0.3
18937.227304997952	300	10.00708295213319	0.0	163442	1805.343989308242	0.004705182	0.3
18938.71481066645	300	12.519577283635904	0.0	126289	1487.5056684972856	0.0067349067	0.3
18966.546616050102	4300	4.0	15.312228100016489	2157535	27831.805383652394	0.004705182	-65.5425808300709
18969.40928195669	300	5.13733409341168	0.0	173849	2862.665906588319	0.004705182	-3.7
18972.640149436247	300	5.906466613857954	0.0	150710	3230.8674795537263	0.004705182	0.3
18976.113660283972	300	6.4329557661336265	0.0	139105	3473.5108477243275	0.004705182	0.3
18979.48548323506	300	7.061132815044566	0.0	141840	3371.822951089061	0.004705182	0.3
18982.482725922382	300	8.063890127720688	0.0	156148	2997.2426873238774	0.004705182	0.3
18985.472378325838	300	9.074237724266496	0.0	160746	2989.652403454194	0.004705182	0.3
18989.408262288613	300	9.138353761494486	0.0	179801	3935.88396277201	0.004705182	0.3
18992.756720351746	300	9.789895698359452	0.0	140051	3348.458063135034	0.004705182	0.3
18996.096301671798	300	10.45031437830889	0.0	138313	3339.58132005056	0.004705182	0.3
18999.192424990422	300	11.354191059684773	0.0	143509	3096.1233186241184	0.004705182	0.3
19001.900718550318	300	12.645897499789992	0.0	150616	2708.29355989478	0.004705182	0.3
19004.159168714126	300	14.387447335983346	0.0	165384	2258.4501638066445	0.004705182	0.3
19006.937475623705	300	15.609140426403348	0.0	140881	2778.3069095799983	0.004705182	0.3
19010.338736311194	300	16.20787973891458	0.0	157671	3401.2606874887683	0.004705182	0.3
19013.541053244895	300	17.005562805210563	0.0	157812	3202.3169337040163	0.004705182	0.3
19017.520592290806	300	17.0260237592995	0.0	163927	3979.539045911064	0.004705182	0.3
19020.341511537325	300	18.20510451278325	0.0	137654	2820.9192465162487	0.004705182	0.3
19023.489040048724	300	19.057576001387222	0.0	146754	3147.528511396031	0.004705182	0.3
19027.12573802008	300	19.420878030029563	0.0	153938	3636.697971357658	0.004705182	0.3
19029.61680180739	300	20.92981424271992	0.0	181901	2491.0637873096434	0.004705182	0.3
19030.964692107063	300	23.581923943049766	0.0	111155	1347.8902996701552	0.011535629	0.3
19032.649612213045	300	25.897003837067626	0.0	153605	1684.9201059821405	0.057175573	0.3
19034.004604702423	300	28.542011347688128	0.0	149029	1354.992489379499	0.34951136	0.3
19035.501916415164	300	31.044699634948955	0.0	157421	1497.311712739171	0.33192393	0.3
19040.414852842798	750	30.13176320731565	0.0	400322	4912.936427633309	0.04177814	0.3
19047.201645848287	750	27.344970201825003	0.0	369834	6786.793005490646	0.004705182	0.75
19054.48021201599	750	24.06640403411889	0.0	412837	7278.5661677061125	0.0151907895	0.75
19061.289668802925	750	21.256947247185852	0.0	401088	6809.456786933034	0.07367369	0.75
19068.19412662714	750	18.352489422971697	0.0	365161	6904.45782421416	0.1249568	0.75
19070.528046936593	300	20.018569113518396	0.0	131610	2333.9203094533027	0.27023578	-0.15000000000000002
19072.645628940336	300	21.900987109776235	0.0	124011	2117.5820037421604	0.48058227	0.3
19077.724308716704	750	20.822307333409796	0.0	378327	5078.679776366437	0.6968159	0.3
19082.285266023762	750	20.261350026350517	0.0	390680	4560.957307059282	0.0061984183	0.75
19086.356731840136	750	20.189884209974	0.0	345516	4071.465816376518	0.004705182	0.75
19091.143092277565	750	19.403523772547793	0.0	384505	4786.360437426206	0.004705182	0.75
19095.825388228255	750	18.721227821855063	0.0	372093	4682.295950692727	0.0047087576	0.75
19101.864153520415	750	16.682462529693083	0.0	438281	6038.765292161983	0.00491588	0.75
19107.962196283013	750	14.584419767097188	0.0	398987	6098.042762595894	0.0049134246	0.75
19113.820407881663	750	12.726208168446227	0.0	393804	5858.211598650959	0.0071316	0.75
19119.288848234297	750	11.257767815812981	0.0	331053	5468.440352633248	0.020058105	0.75
19123.99054549962	750	10.556070550490276	0.0	314107	4701.697265322705	0.2333385	0.75

