21069.977378277712	750	4.0	10.535228578788095	450283	10535.228578788096	0.118448325	-44.551482888788804
21071.368225226244	300	6.609153051467327	0.0	155580	1390.8469485326723	0.004705182	-0.15000000000000002
21073.05081716434	300	8.926561113369436	0.0	139857	1682.5919380978908	0.004705182	0.3
21075.33070524371	300	10.646673034004781	0.0	155432	2279.888079364655	0.004705182	0.3
21077.486545167798	300	12.490833109915867	0.0	163442	2155.8399240889144	0.004705182	0.3
21079.059345065216	300	14.918033212494962	0.0	126289	1572.7998974209063	0.008511369	0.3
21081.143974416893	300	16.833403860820415	0.0	153295	2084.629351674547	0.004705182	0.3
21083.368168095843	300	18.609210181872594	0.0	173849	2224.193678947818	0.004705182	0.3
21085.196077897628	300	20.78130038008848	0.0	150710	1827.9098017841122	0.004705182	0.3
21087.843154453152	300	22.134223824563275	0.0	139105	2647.0765555252055	0.007230932	0.3
21090.18158099136	300	23.795797286351394	0.0	141840	2338.426538211881	0.004705182	0.3
21093.352125994206	300	24.62525228350618	0.0	156148	3170.545002845213	0.0050619487	0.3
21097.45349982386	300	24.52387845385177	0.0	160746	4101.37382965441	0.0047841202	0.3
21102.210246521026	300	23.76713175668622	0.0	179801	4756.7466971655485	0.004705182	0.3
21105.87447503851	300	24.102903239200767	0.0	140051	3664.2285174854514	0.004705182	0.3
21108.408322694766	300	25.569055582941555	0.0	138313	2533.847656259213	0.004705182	0.3
21110.78715964425	300	27.190218633458553	0.0	143509	2378.836949482999	0.004705182	0.3
21113.597184336104	300	28.380193941603046	0.0	150616	2810.024691855506	0.005670691	0.3
21116.793631328965	300	29.183746948741014	0.0	165384	3196.4469928620333	0.008227125	0.3
21119.08028583856	300	30.897092439142764	0.0	140881	2286.654509598246	0.015944723	0.3
21121.976047217635	300	32.00133106007376	0.0	157671	2895.7613790690048	0.068138264	0.3
21124.982354976208	300	32.99502330149886	0.0	157812	3006.3077585749015	0.13234717	0.3
21129.111206004043	300	32.86617227366305	0.0	163927	4128.851027835818	0.2925967	0.3
21131.210987961265	300	34.76639031643734	0.0	137654	2099.7819572257076	0.36611715	0.3
21135.307012615896	750	34.6703656618056	0.0	359903	4096.024654631741	0.68798107	0.3
21139.084597088335	750	34.89278118936744	0.0	379700	3777.5844724381614	0.004705182	0.75
21146.240233817767	750	31.737144459935102	0.0	425781	7155.6367294323345	0.004705182	0.75
21151.711886423036	750	30.265491854664827	0.0	277716	5471.652605270275	0.007919942	0.75
21158.060645631787	750	27.916732645914394	0.0	400396	6348.759208750429	0.004705182	0.75
21162.96735472619	750	27.01002355151276	0.0	400508	4906.709094401635	0.004705182	0.75
21166.82873091222	750	27.148647365481036	0.0	358218	3861.3761860317236	0.004705182	0.75
21172.686128214747	750	25.291250062953168	0.0	400322	5857.397302527868	0.004705182	0.75
21181.990111876505	750	19.987266401191775	0.0	369834	9303.983661761396	0.004705182	0.75
21191.989324166934	750	13.988054110762322	0.0	412837	9999.212290429452	0.3322508	0.75
21196.071869037638	300	13.905509240056928	0.0	179328	4082.5448707053924	0.033406712	-0.15000000000000002
21200.828703233077	300	13.14867504461819	0.0	159914	4756.834195438737	0.016755613	0.3
21205.403173741663	300	12.574204536036087	0.0	131610	4574.470508582104	0.004705182	0.3
21208.691321823786	300	13.286056453908596	0.0	124011	3288.148082127489	0.004705182	0.3
21211.911767309197	300	14.06561096850105	0.0	144254	3220.4454854075493	0.004705182	0.3
21215.041883967213	300	14.935494310482452	0.0	149991	3130.1166580185964	0.004921133	0.3
21217.841575661776	300	16.13580261592148	0.0	147968	2799.6916945609696	0.00831702	0.3
21220.258115791516	300	17.71926248617999	0.0	161857	2416.5401297414933	0.016366338	0.3
21229.0131221773	750	12.96425610039604	0.0	372093	8755.006385783949	0.28373402	0.3
21232.94570646199	300	13.031671815708117	0.0	172312	3932.5842846879223	0.004705182	-0.15000000000000002
21236.20361473321	300	13.773763544483618	0.0	167025	3257.9082712245	0.008695368	0.3
21238.691842869925	300	15.285535407770041	0.0	160064	2488.228136713576	0.023528986	0.3
21243.73443001796	750	14.24294825973716	0.0	331053	5042.5871480328815	0.10540619	0.3
21247.44468905534	750	14.532689222354662	0.0	314107	3710.2590373824983	0.41970235	0.75

