24468.072237820954	750	4.0	4.717391294739914	450283	4717.391294739914	0.07205476	-19.53478256738163
24469.52716795748	300	6.545069863471299	0.0	155580	1454.9301365287008	0.024053939	-0.15000000000000002
24470.778049873592	300	9.294187947363007	0.0	139857	1250.881916108293	0.044807125	0.3
24472.274574812258	300	11.797663008694082	0.0	155432	1496.524938668925	0.0064733727	0.3
24474.168569896014	300	13.903667924942715	0.0	163442	1893.9950837513672	0.032744735	0.3
24475.504555171014	300	16.56768264994145	0.0	126289	1335.9852750012644	0.03790895	0.3
24477.227699856765	300	18.844537964188603	0.0	153295	1723.1446857528465	0.008932074	0.3
24479.49106254588	300	20.581175275074614	0.0	173849	2263.3626891139893	0.007923785	0.3
24481.503412497994	300	22.56882532296255	0.0	150710	2012.3499521120632	0.0072303354	0.3
24483.314110595522	300	24.758127225433896	0.0	139105	1810.6980975286533	0.013304142	0.3
24485.06914347182	300	27.003094349131096	0.0	141840	1755.032876302796	0.013288188	0.3
24486.64682270751	300	29.42541511344605	0.0	156148	1577.6792356850463	0.014664203	0.3
24488.133069324518	300	31.93916849643605	0.0	160746	1486.2466170100017	0.040026966	0.3
24489.737559626312	300	34.33467819464281	0.0	179801	1604.4903017932422	0.2546125	0.3
24491.17784473777	300	36.89439308318388	0.0	140051	1440.285111458925	0.6490549	0.3
24494.664758961462	750	37.40747885949038	0.0	366214	3486.914223693503	0.64840204	0.3
24497.99322219547	750	38.07901562548422	0.0	360831	3328.463234006169	0.0050447825	0.75
24501.753544937543	750	38.31869288340984	0.0	372963	3760.3227420743806	0.004705182	0.75
24506.100099381714	750	37.972138439239615	0.0	405596	4346.554444170226	0.004705182	0.75
24509.81402410095	750	38.25821372000643	0.0	350713	3713.924719233181	0.004705182	0.75
24513.87524668929	750	38.196991131665065	0.0	386472	4061.222588341362	0.004705182	0.75
24518.871682631812	750	37.200555189141255	0.0	399894	4996.435942523815	0.004705182	0.75
24526.682664167445	750	33.38957365350977	0.0	401853	7810.981535631487	0.004705182	0.75
24532.258993488078	750	31.813244332877144	0.0	343800	5576.329320632623	0.004705182	0.75
24537.339985948405	750	30.732251872547124	0.0	359903	5080.99246033002	0.004705182	0.75
24541.404179934856	750	30.668057886099145	0.0	379700	4064.193986447978	0.004705182	0.75
24544.98044284088	750	31.091794980075846	0.0	425781	3576.2629060232975	0.004705182	0.75
24547.422277861675	750	32.64995995927993	0.0	277716	2441.835020795914	0.0077709123	0.75
24550.960652383357	750	33.11158543759616	0.0	400396	3538.3745216837715	0.009273619	0.75
24555.85711450051	750	32.21512332044097	0.0	400508	4896.4621171551935	0.020718275	0.75
24559.252180774478	750	32.820057046476705	0.0	358218	3395.066273964267	0.006310199	0.75
24562.56062312048	750	33.511614700472826	0.0	400322	3308.442346003883	0.025543295	0.75
24566.38239093267	750	33.68984688827972	0.0	369834	3821.767812193112	0.123004116	0.75
24571.297151250055	750	32.77508657089366	0.0	412837	4914.760317386059	0.07852623	0.75
24574.472287177272	750	33.59995064367817	0.0	401088	3175.135927215491	0.056661658	0.75
24577.561615971317	750	34.51062184963362	0.0	365161	3089.3287940445484	0.6508607	0.75
24580.789358224927	750	35.28287959602139	0.0	321064	3227.7422536122326	0.68034995	0.75
24586.401543743817	1200	33.67069407713046	0.0	575591	5612.1855188909285	0.60219944	0.75
24591.56611996137	1200	32.5061178595782	0.0	605884	5164.576217552265	0.02120965	1.2
24597.157724327953	1200	30.914513492995063	0.0	587506	5591.6043665831385	0.0066528213	1.2
24603.576739934157	1200	28.495497886789906	0.0	566904	6419.015606205157	0.009681743	1.2
24612.885816377628	1200	23.186421443317034	0.0	641452	9309.076443472872	0.036390126	1.2
24617.98112431393	1200	22.091113507013212	0.0	599477	5095.307936303823	0.38793907	1.2
24623.45382689788	1200	20.61841092306748	0.0	634861	5472.702583945729	0.0386562	1.2
24629.783155921803	1200	18.289081899142577	0.0	630203	6329.3290239249045	0.017144825	1.2
24635.42319452988	1200	16.64904329106609	0.0	638661	5640.038608076486	0.04534403	1.2
24640.321702391073	1200	15.750535429872805	0.0	538612	4898.507861193284	0.0224263	1.2
24645.684765708087	1200	14.387472112855367	0.0	550906	5363.063317017439	0.07887487	1.2

