7245.481220982702	750	4.0	2.2982937896467757	450283	2298.2937896467756	0.004705182	-9.132663295481136
7247.5354163673255	750	5.94580461537696	0.0	398865	2054.19538462304	0.0057502133	0.75
7248.8754274465655	750	8.60579353613712	0.0	350812	1340.0110792398405	0.005367216	0.75
7250.32258865345	750	11.158632329252743	0.0	382355	1447.161206884377	0.0049919803	0.75
7251.930492860908	750	13.550728121794712	0.0	411561	1607.9042074580307	0.0048036026	0.75
7253.0896827691095	750	16.39153821359309	0.0	318564	1159.1899082016187	0.0064445348	0.75
7254.237654996146	750	19.243565986556543	0.0	352642	1147.9722270365494	0.022508835	0.75
7255.596287459145	750	21.88493352355775	0.0	437162	1358.632462998793	0.18885392	0.75
7257.427155170516	1200	24.05406581218671	0.0	584846	1830.8677113710382	0.47501785	0.75
7259.21227984001	1200	26.26894114269395	0.0	560821	1785.124669492759	0.0066868206	1.2
7261.292705825442	1200	28.18851515726167	0.0	607410	2080.425985432281	0.004705182	1.2
7263.534234674278	1200	29.946986308424147	0.0	594078	2241.5288488375213	0.004705182	1.2
7266.061414156498	1200	31.419806826204827	0.0	624282	2527.1794822193233	0.004705182	1.2
7269.673948014142	1200	31.80727296856098	0.0	687371	3612.5338576438426	0.004705182	1.2
7271.865711597261	1200	33.61550938544182	0.0	526950	2191.763583119165	0.005798017	1.2
7273.907028895266	1200	35.57419208743642	0.0	587876	2041.3172980053923	0.004705182	1.2
7275.814299214747	1200	37.666921767956175	0.0	617242	1907.2703194802443	0.004705182	1.2
7277.633361563871	1200	39.84785941883174	0.0	581493	1819.062349124442	0.0077488828	1.2
7279.511633697656	1200	41.96958728504736	0.0	639204	1878.2721337843745	0.015926698	1.2
7281.434016731711	1200	44.0472042509927	0.0	586839	1922.383034054666	0.20807008	1.2
7286.21356832129	2850	43.26765266141347	0.0	1415116	4779.55158957923	0.49211484	1.2000000000000002
7290.955123005388	2850	42.5260979773168	0.0	1468126	4741.554684096673	0.004705182	2.85
7296.92213624846	2850	40.55908473424429	0.0	1505760	5967.013243072517	0.004705182	2.85
7301.740592559899	2850	39.74062842280619	0.0	1323990	4818.456311438094	0.004705182	2.85
7306.558128996522	2850	38.923091986182556	0.0	1383735	4817.536436623642	0.004705182	2.85
7311.298195545395	2850	38.1830254373096	0.0	1480464	4740.066548872951	0.004705182	2.85
7316.537847677064	2850	36.943373305640286	0.0	1547572	5239.652131669316	0.004705182	2.85
7320.903415963344	2850	36.57780501936052	0.0	1141971	4365.5682862797685	0.004705182	2.85
7326.439261335786	2850	35.041959646919494	0.0	1498470	5535.845372441021	0.004705182	2.85
7331.435113114084	2850	34.04610786862073	0.0	1561263	4995.851778298766	0.004705182	2.85
7337.59166279646	2850	31.889558186244727	0.0	1341201	6156.549682376005	0.004705182	2.85
7344.434858033423	2850	29.04636294928223	0.0	1497683	6843.1952369625005	0.004705182	2.85
7351.8121566199425	2850	25.66906436276228	0.0	1358081	7377.298586519947	0.004705182	2.85
7366.589006127623	2850	14.892214855081946	0.0	1587293	14776.849507680336	0.0050180485	2.85
7375.581831125863	1200	9.899389856841868	0.0	690253	8992.824998240078	0.583455	-0.44999999999999996
7378.065108813751	300	11.41611216895298	0.0	159914	2483.277687888889	0.5859181	-0.6000000000000001
7379.4752178284425	300	14.006003154261904	0.0	131610	1410.1090146910758	0.4358488	0.3
7383.206950755302	750	14.274270227401896	0.0	361565	3731.7329268600083	0.6928135	0.3
7388.243491356988	750	13.237729625717543	0.0	378327	5036.540601684352	0.013369793	0.75
7391.064943670164	300	14.416277312541027	0.0	149991	2821.4523131765154	0.4292465	-0.15000000000000002
7393.476034049145	300	16.005186933559948	0.0	147968	2411.090378981078	0.15294483	0.3
7397.139128639271	300	16.342092343434253	0.0	161857	3663.0945901256987	0.160077	0.3
7398.992952314837	300	18.488268667868258	0.0	145210	1853.8236755659905	0.04888079	0.3
7403.304828656105	750	18.176392326599466	0.0	438281	4311.876341268793	0.67905504	0.3
7406.667475441782	750	18.81374554092296	0.0	398987	3362.6467856765075	0.0056753703	0.75
7409.083573141065	750	20.397647841639394	0.0	393804	2416.097699283563	0.04925557	0.75
7412.5918856341705	1200	20.88933534853398	0.0	538612	3508.3124931054144	0.66378593	0.75
7415.894743120125	1200	21.586477862580264	0.0	550906	3302.8574859537166	0.008354078	1.2

