9551.847125515023	750	4.0	6.579692689023528	450283	6579.692689023527	0.008436878	-27.542678562801168
9552.833913431174	300	7.013212083850239	0.0	155580	986.7879161497615	0.004705182	-0.15000000000000002
9554.782099483282	300	9.065026031742615	0.0	139857	1948.1860521076244	0.28478637	0.3
9558.788223249036	300	9.058902265989714	0.0	155432	4006.1237657529027	0.004705182	0.3
9562.881769801701	300	8.965355713323753	0.0	163442	4093.546552665962	0.004705182	0.3
9564.990340990636	300	10.856784524387702	0.0	126289	2108.57118893605	0.004705182	0.3
9567.166620866252	300	12.680504648772505	0.0	153295	2176.2798756151965	0.004705182	0.3
9570.580413806681	300	13.26671170834403	0.0	173849	3413.7929404284755	0.004705182	0.3
9573.434379632163	300	14.412745882862826	0.0	150710	2853.965825481205	0.004705182	0.3
9575.969965653989	300	15.877159861034803	0.0	139105	2535.5860218280227	0.004705182	0.3
9577.472498548701	300	18.374626966323696	0.0	141840	1502.5328947111045	0.004705182	0.3
9578.697214061021	300	21.149911454003995	0.0	156148	1224.7155123197024	0.004705182	0.3
9579.903686640257	300	23.943438874768944	0.0	160746	1206.4725792350514	0.0099605145	0.3
9581.056893510186	300	26.790232004841215	0.0	179801	1153.2068699277306	0.025623126	0.3
9581.868896232694	300	29.97822928233188	0.0	140051	812.002722509333	0.2704703	0.3
9584.231714481359	750	31.615411033667797	0.0	366214	2362.818248664084	0.47712445	0.3
9586.741288197647	750	33.10583731737918	0.0	360831	2509.5737162886194	0.0052407356	0.75
9589.088714979389	750	34.75841053563713	0.0	372963	2347.4267817420464	0.005309827	0.75
9591.462615476717	750	36.38451003830942	0.0	405596	2373.9004973277006	0.014071233	0.75
9593.453140810734	750	38.393984704294446	0.0	350713	1990.5253340149784	0.09768952	0.75
9596.341195417945	750	39.50593009708385	0.0	386472	2888.054607210603	0.37585968	0.75
9599.55356165797	750	40.293563857058864	0.0	399894	3212.366240024981	0.24285692	0.75
9602.177651551561	750	41.66947396346725	0.0	401853	2624.08989359162	0.2693528	0.75
9605.139584358789	750	42.70754115623977	0.0	343800	2961.9328072274707	0.6968305	0.75
9607.417261629453	750	44.429863885576204	0.0	359903	2277.6772706635643	0.43735638	0.75
9610.217923748658	1200	45.629201766371516	0.0	590335	2800.6621192046855	0.43198895	0.75
9613.167463701542	1200	46.679661813487	0.0	696376	2949.539952884518	0.004705182	1.2
9615.515274048808	1200	48.33185146622011	0.0	487160	2347.8103472668927	0.014561621	1.2
9618.083170761345	1200	49.76395475368461	0.0	622896	2567.8967125355007	0.011477625	1.2
9620.477034586418	1200	51.37009092861177	0.0	641447	2393.8638250728336	0.11104693	1.2
9626.685573142056	2850	49.16155237297246	0.0	1341201	6208.538555639318	0.32290745	1.2000000000000002
9636.44322976496	2850	43.403895750069964	0.0	1497683	9757.656622902496	0.004705182	2.85
9649.259063328063	2850	34.588062186966624	0.0	1358081	12815.833563103337	0.0103555955	2.85
9666.69160759691	1200	21.155517918119944	0.0	670129	17432.544268846676	0.005010158	-0.44999999999999996
9670.48467007439	300	21.362455440641746	0.0	179328	3793.062477478199	0.022735482	-0.6000000000000001
9679.475486028161	750	16.37163948686836	0.0	365161	8990.815953773383	0.429545	0.3
9684.854020674858	750	14.993104840171688	0.0	321064	5378.534646696676	0.058328398	0.75
9686.870817375644	750	16.976308139387598	0.0	361565	2016.7967007840873	0.01065165	0.75
9688.914978008383	750	18.932147506648704	0.0	378327	2044.1606327388965	0.39083844	0.75
9691.791101360956	1200	20.05602415407432	0.0	587506	2876.1233525743837	0.6400877	0.75
9699.762542897568	1200	16.084582617463994	0.0	566904	7971.441536610326	0.004705182	1.2
9704.553911591991	750	15.293213923038445	0.0	384505	4791.368694425548	0.040097147	0.3
9707.132175315757	750	16.71495019927351	0.0	372093	2578.2637237649346	0.01679872	0.75
9710.261566409632	750	17.585559105397582	0.0	438281	3129.3910938759273	0.2867205	0.75
9713.647308526472	750	18.19981698855834	0.0	398987	3385.7421168392393	0.53860134	0.75
9717.606814710662	1200	18.240310804367713	0.0	638661	3959.506184190626	0.69645494	0.75
9720.144477668779	1200	19.702647846250336	0.0	538612	2537.662958117376	0.0047378414	1.2
9723.06782083452	1200	20.779304680509235	0.0	550906	2923.343165741102	0.00934393	1.2

