5827.624960945357	750	4.0	2.288238812003366	450283	2288.238812003366	0.007119113	-9.089426891614474
5830.319169357034	750	5.305791588322136	0.0	398865	2694.2084116778638	0.005605622	0.75
5832.525097089402	750	7.099863855953809	0.0	350812	2205.9277323683264	0.06358674	0.75
5834.144925679297	750	9.480035266059609	0.0	382355	1619.8285898942004	0.48365107	0.75
5835.817333224796	750	11.807627720559813	0.0	411561	1672.4075454997967	0.007551724	0.75
5837.2901098145785	750	14.334851130776714	0.0	318564	1472.7765897830984	0.0063427817	0.75
5838.942448002308	750	16.682512943047996	0.0	352642	1652.3381877287175	0.027504422	0.75
5840.655753581307	750	18.969207364048742	0.0	437162	1713.305578999252	0.029400755	0.75
5842.1849654833095	750	21.4399954620456	0.0	374758	1529.211902003142	0.007063961	0.75
5843.869005595483	750	23.75595534987288	0.0	362795	1684.04011217272	0.01335666	0.75
5845.747848043565	750	25.877112901791502	0.0	353220	1878.8424480813828	0.0154172825	0.75
5847.636877606898	750	27.988083338457933	0.0	405134	1889.0295633335675	0.015142869	0.75
5848.970667502235	750	30.654293443120864	0.0	386351	1333.7898953370718	0.11412582	0.75
5853.4750661933585	1200	30.149894751997483	0.0	687371	4504.3986911233815	0.3483326	0.75
5855.279884297228	750	32.34507664812888	0.0	337059	1804.8181038685998	0.55715096	0.3
5856.922335380915	750	34.70262556444138	0.0	366214	1642.4510836875031	0.2661456	0.75
5859.309993538835	1200	36.31496740652132	0.0	617242	2387.6581579200542	0.62333477	0.75
5861.902212358387	1200	37.7227485869692	0.0	581493	2592.218819552114	0.004705182	1.2
5864.889228595839	1200	38.73573234951788	0.0	639204	2987.0162374513234	0.004705182	1.2
5867.736467488488	1200	39.88849345686862	0.0	586839	2847.2388926492567	0.004705182	1.2
5869.9686527570375	1200	41.65630818831928	0.0	601738	2232.185268549346	0.004705182	1.2
5872.557354521677	1200	43.06760642368005	0.0	616206	2588.701764639237	0.004714795	1.2
5876.312946739116	1200	43.31201420624041	0.0	656471	3755.592217439634	0.005893645	1.2
5878.351742619574	1200	45.27321832578343	0.0	536667	2038.7958804569762	0.0051971977	1.2
5880.304870940819	1200	47.32009000453908	0.0	587236	1953.1283212443498	0.019072339	1.2
5881.782483004337	1200	49.84247794102077	0.0	590335	1477.612063518307	0.5847431	1.2
5888.534424923423	2850	47.090536021935606	0.0	1547572	6751.941919085165	0.0067211897	1.2000000000000002
5893.537456422936	2850	46.08750452242252	0.0	1141971	5003.031499513092	0.004705182	2.85
5900.749654013121	2850	42.87530693223799	0.0	1498470	7212.197590184526	0.004705182	2.85
5908.531708764453	2850	39.093252180906134	0.0	1561263	7782.054751331853	0.004705182	2.85
5915.768984936347	2850	35.855976009011634	0.0	1341201	7237.2761718945	0.004705182	2.85
5922.572947405912	2850	33.05201353944718	0.0	1497683	6803.962469564451	0.0048899394	2.85
5927.753105134797	2850	31.871855810562113	0.0	1358081	5180.157728885068	0.004705182	2.85
5933.236372560503	2850	30.388588384856625	0.0	1587293	5483.267425705485	0.004705182	2.85
5940.831362014702	2850	26.793598930658277	0.0	1492672	7594.989454198347	0.004705182	2.85
5949.9884446819	2850	21.63651626346047	0.0	1439896	9157.082667197808	0.004705182	2.85
5955.201565242195	2850	20.423395703164385	0.0	1139291	5213.120560296086	0.1728918	2.85
5960.500605178698	2850	19.12435576666204	0.0	1499009	5299.039936502343	0.0047209156	2.85
5966.823921725367	2850	16.80103921999318	0.0	1427478	6323.316546668863	0.004705182	2.85
5972.272094922361	2850	15.35286602299922	0.0	1402287	5448.1731969939565	0.005433836	2.85
5978.918328681137	2850	12.70663226422416	0.0	1339500	6646.233758775061	0.004705182	2.85
5985.833781549705	2850	9.791179395655439	0.0	1527299	6915.45286856872	0.6270861	2.85
5988.454984937649	1200	11.169976007711023	0.0	599477	2621.203387944418	0.063080795	-0.44999999999999996
5990.972402990346	1200	12.652557955013453	0.0	634861	2517.4180526975683	0.004705182	1.2
5993.34354812123	1200	14.281412824130632	0.0	630203	2371.145130882821	0.0071913796	1.2
5995.972744578418	1200	15.652216366942234	0.0	638661	2629.1964571883977	0.39024478	1.2
6001.572446481489	2850	14.052514463870834	0.0	1231456	5599.701903071401	0.7577335	1.2000000000000002
6011.211400252682	2850	8.41356069267825	0.0	1364537	9638.953771192584	0.03246171	2.85

