6720.196708804397	750	4.0	1.9680897620528024	450283	1968.0897620528024	0.0055687125	-7.71278597682705
6722.415482419664	750	5.781226384733127	0.0	398865	2218.7736152668726	0.004705182	0.75
6724.090941670961	750	8.105767133436677	0.0	350812	1675.4592512964498	0.0067097717	0.75
6725.526560384194	750	10.670148420202866	0.0	382355	1435.6187132338102	0.015115749	0.75
6726.984768544029	750	13.21194026036772	0.0	411561	1458.2081598351454	0.004705182	0.75
6728.121119562377	750	16.07558924202007	0.0	318564	1136.351018347654	0.007958947	0.75
6729.380229964894	750	18.816478839503166	0.0	352642	1259.1104025169004	0.022261402	0.75
6730.780566416747	750	21.41614238765081	0.0	437162	1400.3364518523517	0.055170875	0.75
6732.073741141607	750	24.122967662790614	0.0	374758	1293.1747248601957	0.654509	0.75
6734.271688767663	1200	25.925020036734825	0.0	560821	2197.947626055789	0.42880413	0.75
6742.45781779706	1200	21.738891007337987	0.0	607410	8186.1290293968395	0.013564564	1.2
6744.481289252202	300	23.715419552196206	0.0	156148	2023.471455141781	0.31781912	-0.6000000000000001
6746.51352584897	300	25.68318295542805	0.0	160746	2032.236596768156	0.18576927	0.3
6747.996552473916	300	28.200156330481214	0.0	179801	1483.0266249468375	0.21308514	0.3
6749.536993104309	750	30.659715700089322	0.0	337059	1540.4406303918945	0.6680941	0.3
6751.082845325337	750	33.113863479061294	0.0	366214	1545.8522210280294	0.027011888	0.75
6752.54462121013	750	35.65208759426854	0.0	360831	1461.7758847927562	0.32816947	0.75
6754.987780058445	1200	37.20892874595349	0.0	581493	2443.1588483150454	0.5364114	0.75
6757.302243501878	1200	38.89446530252039	0.0	639204	2314.4634434331	0.0053774184	1.2
6759.478979245595	1200	40.71772955880418	0.0	586839	2176.735743716208	0.004705182	1.2
6761.769230839503	1200	42.427477964895715	0.0	601738	2290.2515939084715	0.0055334195	1.2
6764.316933896664	1200	43.879774907734785	0.0	616206	2547.7030571609303	0.009052381	1.2
6767.677765076538	1200	44.51894372786037	0.0	656471	3360.8311798744166	0.01583352	1.2
6772.091330600523	1200	44.10537820387489	0.0	536667	4413.565523985472	0.01215674	1.2
6775.931513853049	1200	44.265194951349194	0.0	587236	3840.183252525696	0.004705182	1.2
6779.390483514565	1200	44.806225289832966	0.0	590335	3458.9696615162225	0.004705182	1.2
6783.623574335344	1200	44.573134469054814	0.0	696376	4233.09082077815	0.004705182	1.2
6786.066596228071	1200	46.13011257632763	0.0	487160	2443.0218927271785	0.0049812025	1.2
6788.725753447546	1200	47.47095535685271	0.0	622896	2659.157219474927	0.0055217817	1.2
6791.6993303551235	1200	48.49737844927463	0.0	641447	2973.5769075780822	0.026653899	1.2
6795.126419392381	1200	49.07028941201744	0.0	570392	3427.089037257188	0.081529975	1.2
6797.748405756296	1200	50.448303048102616	0.0	620283	2621.9863639148216	0.028050803	1.2
6801.869931162038	1200	50.326777642360526	0.0	584349	4121.525405742086	0.74165165	1.2
6805.2861498541715	1200	50.91055895022742	0.0	670129	3416.2186921331117	0.052281827	1.2
6808.7397399493375	1200	51.45696885506093	0.0	690253	3453.5900951664844	0.75655586	1.2
6811.151347268564	1200	53.04536153583418	0.0	598727	2411.6073192267413	0.3450381	1.2
6816.886404176796	2850	51.3103046276022	0.0	1139291	5735.056908231983	0.0061335685	1.2000000000000002
6827.686055703927	2850	44.51065310047159	0.0	1499009	10799.651527130603	0.004705182	2.85
6834.479361572948	2850	41.7173472314512	0.0	1427478	6793.305869020401	0.004705182	2.85
6843.855812936192	2850	36.34089586820749	0.0	1402287	9376.451363243705	0.004705182	2.85
6849.455790546912	2850	34.74091825748717	0.0	1339500	5599.977610720316	0.004705182	2.85
6857.884931088443	2850	30.31177771595476	0.0	1527299	8429.14054153241	0.004705182	2.85
6864.074639666115	2850	28.12206913828387	0.0	1343002	6189.708577670893	0.004705182	2.85
6870.679354549512	2850	25.517354254886804	0.0	1587250	6604.714883397068	0.004705182	2.85
6877.46997934728	2850	22.726729457118797	0.0	1464921	6790.624797768008	0.004705182	2.85
6883.617983116919	2850	20.578725687480212	0.0	1483527	6148.003769638586	0.004705182	2.85
6889.157078194639	2850	19.039630609759975	0.0	1231456	5539.09507772024	0.004705182	2.85
6894.223780264129	2850	17.972928540270843	0.0	1364537	5066.702069489132	0.004705182	2.85

