16214.155610576754	750	4.0	6.240793125191714	450283	6240.793125191714	0.07439455	-26.08541043832437
16216.763824109148	300	5.39178646760646	0.0	155580	2608.2135323935404	0.004705182	-0.15000000000000002
16219.292003400153	300	6.863607176602174	0.0	139857	2528.179291004286	0.004705182	0.3
16221.577460356564	300	8.578150220191981	0.0	155432	2285.456956410193	0.004705182	0.3
16225.090281276385	300	9.065329300370701	0.0	163442	3512.820919821281	0.004705182	0.3
16227.451568876146	300	10.704041700610226	0.0	126289	2361.2875997604747	0.004705182	0.3
16229.99863444316	300	12.156976133596313	0.0	153295	2547.065567013914	0.004705182	0.3
16232.936658641473	300	13.218951935283304	0.0	173849	2938.024198313009	0.004705182	0.3
16236.024507586519	300	14.131102990237448	0.0	150710	3087.848945045855	0.004705182	0.3
16238.99290840174	300	15.162702175014754	0.0	139105	2968.400815222695	0.004705182	0.3
16241.793295309391	300	16.362315267365	0.0	141840	2800.3869076497554	0.004705182	0.3
16244.616356649167	300	17.539253927590405	0.0	156148	2823.0613397745915	0.004705182	0.3
16247.675057106255	300	18.480553470501146	0.0	160746	3058.7004570892605	0.004705182	0.3
16251.743355351666	300	18.412255225090572	0.0	179801	4068.2982454105727	0.004705182	0.3
16254.92091881516	300	19.234691761596945	0.0	140051	3177.563463493625	0.004705182	0.3
16257.51532551198	300	20.6402850647763	0.0	138313	2594.4066968206475	0.004705182	0.3
16259.848428514528	300	22.30718206222974	0.0	143509	2333.1030025465607	0.004705182	0.3
16262.061608690405	300	24.094001886351908	0.0	150616	2213.1801758778292	0.004705182	0.3
16264.515028119475	300	25.640582457281866	0.0	165384	2453.419429070041	0.004797998	0.3
16266.85891208777	300	27.296698488985843	0.0	140881	2343.8839682960256	0.007888179	0.3
16269.651051771685	300	28.50455880507028	0.0	157671	2792.139683915566	0.0136052035	0.3
16271.901073824614	300	30.254536752140773	0.0	157812	2250.022052929507	0.032636784	0.3
16274.20374040099	300	31.951870175764178	0.0	163927	2302.6665763765927	0.1759463	0.3
16276.313004543728	300	33.84260603302477	0.0	137654	2109.264142739405	0.46954203	0.3
16278.13982909654	300	36.015781480212475	0.0	146754	1826.8245528122943	0.66739225	0.3
16283.699237108705	750	34.45637346804738	0.0	379700	5559.4080121651	0.29316846	0.3
16290.138048336928	750	32.01756223982439	0.0	425781	6438.811228222988	0.0077546407	0.75
16292.928131563158	750	33.22747901359497	0.0	277716	2790.0832262294143	0.008282498	0.75
16296.188067544905	750	33.967543031848244	0.0	400396	3259.9359817467257	0.004705182	0.75
16300.270292252611	750	33.88531832414174	0.0	400508	4082.224707706503	0.0091309855	0.75
16305.125407579924	750	33.03020299682905	0.0	358218	4855.115327312699	0.015471173	0.75
16310.575778730159	750	31.579831846594168	0.0	400322	5450.371150234877	0.0060230284	0.75
16318.412777732192	750	27.742832844561438	0.0	369834	7836.99900203273	0.0067568817	0.75
16326.821774595008	750	23.333835981745427	0.0	412837	8408.996862816011	0.004705182	0.75
16339.638708474202	750	14.516902102551482	0.0	401088	12816.933879193944	0.01089482	0.75
16343.805126286235	300	14.350484290519358	0.0	159914	4166.417812032123	0.004705182	-0.15000000000000002
16347.915774819196	300	14.239835757558811	0.0	131610	4110.6485329605475	0.006927188	0.3
16352.224358770542	300	13.931251806211655	0.0	124011	4308.583951347155	0.0059275064	0.3
16357.430472911316	300	12.725137665438117	0.0	144254	5206.1141407735395	0.0048687407	0.3
16361.251911845058	300	12.903698731694641	0.0	149991	3821.4389337434754	0.004705182	0.3
16364.879126727841	300	13.276483848910294	0.0	147968	3627.214882784349	0.004705182	0.3
16368.803407051637	300	13.352203525114186	0.0	161857	3924.2803237961075	0.005217569	0.3
16371.652513116389	300	14.503097460363042	0.0	145210	2849.106064751145	0.004705182	0.3
16374.746931933894	300	15.40867864285722	0.0	172312	3094.418817505823	0.023025567	0.3
16377.347009663383	300	16.80860091337022	0.0	167025	2600.0777294869995	0.108820476	0.3
16379.504571378699	300	18.6510391980538	0.0	160064	2157.5617153164203	0.5006285	0.3
16385.791461613884	750	16.364148962868157	0.0	331053	6286.890235185643	0.53806466	0.3
16392.723260149953	750	13.432350426799426	0.0	314107	6931.798536068733	0.3562526	0.75

