23753.19996764277	750	4.0	3.7572090788844412	450283	3757.209078884441	0.010029724	-15.405999039203095
23754.430702256694	300	6.76926538607515	0.0	155580	1230.7346139248493	0.517563	-0.15000000000000002
23755.49601728469	300	9.703950358079696	0.0	139857	1065.3150279954539	0.4366008	0.3
23756.77774724601	300	12.422220396759094	0.0	155432	1281.729961320603	0.04211627	0.3
23758.36278798435	300	14.837179658417623	0.0	163442	1585.0407383414722	0.18937106	0.3
23760.1976424461	300	17.002325196669013	0.0	126289	1834.854461748612	0.1687413	0.3
23762.769346250978	300	18.430621391792354	0.0	153295	2571.70380487666	0.009701423	0.3
23765.548271397136	300	19.65169624563326	0.0	173849	2778.9251461590893	0.005405556	0.3
23767.34791565315	300	21.852051989617394	0.0	150710	1799.6442560158698	0.005080241	0.3
23768.34913918137	300	24.85082846139826	0.0	139105	1001.2235282191332	0.010737798	0.3
23769.316215635616	300	27.883752007150445	0.0	141840	967.0764542478173	0.06685479	0.3
23770.6855501842	300	30.514417458564274	0.0	156148	1369.3345485861669	0.18028603	0.3
23772.103491100803	300	33.09647654196163	0.0	160746	1417.9409166026505	0.18107858	0.3
23773.649804861427	300	35.550162781338905	0.0	179801	1546.3137606227199	0.63302654	0.3
23778.901808793307	750	34.298158849458645	0.0	337059	5252.003931880255	0.42007682	0.3
23782.04832673525	750	35.15164090751385	0.0	366214	3146.5179419447973	0.1651411	0.75
23785.43727381304	750	35.762693829725	0.0	360831	3388.947077788848	0.005952035	0.75
23792.93178556825	750	32.268182074516844	0.0	372963	7494.511755208158	0.004705182	0.75
23803.33886276595	750	25.861104876810757	0.0	405596	10407.077197706087	0.22537299	0.75
23807.270181119417	300	25.929786523349357	0.0	140881	3931.3183534614	0.032458846	-0.15000000000000002
23810.618251004165	300	26.581716638596507	0.0	157671	3348.0698847528524	0.014992035	0.3
23814.05926535039	300	27.1407022923743	0.0	157812	3441.014346222207	0.038270973	0.3
23819.559330628672	300	25.640637014092032	0.0	163927	5500.0652782822635	0.035994496	0.3
23824.501746930917	300	24.698220711847128	0.0	137654	4942.416302244907	0.013731006	0.3
23829.6859623702	300	23.51400527256243	0.0	146754	5184.215439284698	0.014632688	0.3
23834.482100346537	300	22.717867296230004	0.0	153938	4796.137976332426	0.02044819	0.3
23838.733280689336	300	22.466686953428294	0.0	181901	4251.180342801712	0.010868617	0.3
23841.023702966548	300	24.176264676217723	0.0	111155	2290.4222772105663	0.022598993	0.3
23844.21355210928	300	24.986415533488824	0.0	153605	3189.849142728901	0.027543906	0.3
23846.044768533175	300	27.155199109593877	0.0	149029	1831.2164238949495	0.10330161	0.3
23848.16060014028	300	29.039367502486197	0.0	157421	2115.8316071076774	0.6542628	0.3
23856.145112317266	750	25.054855325498025	0.0	400322	7984.5121769881725	0.5718762	0.3
23866.882823809297	750	18.317143833468997	0.0	369834	10737.71149202903	0.68061864	0.75
23871.994080349796	300	17.205887292968814	0.0	163444	5111.256540500179	0.010381098	-0.15000000000000002
23878.940222936926	300	14.259744705841273	0.0	179328	6946.142587127541	0.004705182	0.3
23882.52201852508	300	14.677949117685529	0.0	159914	3581.795588155744	0.004705182	0.3
23886.816444604916	300	14.383523037849322	0.0	131610	4294.426079836207	0.0052493825	0.3
23891.25817007293	300	13.941797569830454	0.0	124011	4441.725468018868	0.004705182	0.3
23896.39508946416	300	12.8048781786023	0.0	144254	5136.919391228156	0.004705182	0.3
23900.9608461908	300	12.239121451966051	0.0	149991	4565.756726636248	0.004705182	0.3
23904.29779804091	300	12.902169601858155	0.0	147968	3336.951850107896	0.004705182	0.3
23906.243942418416	300	14.956025224352226	0.0	161857	1946.1443775059279	0.0057839667	0.3
23907.695096448017	300	17.504871194750297	0.0	145210	1451.1540296019302	0.053564206	0.3
23911.188568370857	750	18.01139927190999	0.0	438281	3493.4719228403064	0.67789483	0.3
23913.99025948299	750	19.209708159774298	0.0	398987	2801.6911121356925	0.017328706	0.75
23916.58086425787	750	20.619103384893336	0.0	393804	2590.6047748809597	0.3923855	0.75
23918.630966741028	750	22.569000901735162	0.0	331053	2050.1024831581744	0.5284391	0.75
23922.328757250772	1200	22.871210391991713	0.0	550906	3697.7905097434505	0.19733131	0.75

