6373.986968664222	750	4.0	5.105653885378062	450283	5105.653885378062	0.39196473	-21.204311707125665
6378.142670403883	300	4.0	0.15570173966025685	155580	4155.701739660257	0.009507286	-0.8195174805391044
6380.599303833851	300	5.543366570032065	0.0	139857	2456.6334299679343	0.004705182	0.3
6381.88573296934	300	8.256937434542367	0.0	155432	1286.4291354896984	0.004705182	0.3
6382.8734528172445	300	11.26921758663774	0.0	163442	987.7198479046284	0.007567615	0.3
6383.419180426832	300	14.723489977049944	0.0	126289	545.7276095877967	0.28792286	0.3
6384.0680833624865	300	18.074587041395613	0.0	153295	648.9029356543269	0.5229011	0.3
6385.8959508590815	750	20.246719544800097	0.0	437162	1827.8674965955186	0.5522735	0.3
6387.565426644518	750	22.577243759364418	0.0	374758	1669.4757854356799	0.07423918	0.75
6389.506266086924	750	24.63640431695725	0.0	362795	1940.839442407168	0.009914214	0.75
6391.0008120390685	750	27.14185836481302	0.0	353220	1494.5459521442267	0.0077286647	0.75
6392.385075333736	750	29.7575950701457	0.0	405134	1384.2632946673205	0.054663762	0.75
6394.735452184191	1200	31.407218219690584	0.0	624282	2350.376850455114	0.42913193	0.75
6397.183430017878	1200	32.959240386003046	0.0	687371	2447.9778336875424	0.005781275	1.2
6398.926934684786	1200	35.215735719095015	0.0	526950	1743.5046669080355	0.004705182	1.2
6400.880511924859	1200	37.262158479021664	0.0	587876	1953.5772400733445	0.004705182	1.2
6402.8612902903	1200	39.28138011358068	0.0	617242	1980.778365440984	0.004705182	1.2
6404.8107030936035	1200	41.3319673102769	0.0	581493	1949.412803303775	0.012205293	1.2
6406.934230994177	1200	43.20843940970352	0.0	639204	2123.527900573377	0.025695808	1.2
6408.851751416143	1200	45.290918987737726	0.0	586839	1917.520421965796	0.21071054	1.2
6415.694128718741	2850	42.448541685139695	0.0	1415116	6842.377302598036	0.79765254	1.2000000000000002
6420.891377022371	2850	41.251293381510216	0.0	1468126	5197.248303629482	0.0053072623	2.85
6426.308775499049	2850	39.83389490483171	0.0	1505760	5417.398476678508	0.004705182	2.85
6434.666651002777	2850	35.47601940110436	0.0	1323990	8357.875503727351	0.004705182	2.85
6445.323043028423	2850	28.81962737545835	0.0	1383735	10656.392025646008	0.3908266	2.85
6450.140964894463	1200	28.001705509419022	0.0	590335	4817.921866039328	0.004705182	-0.44999999999999996
6459.605626192412	1200	22.537044211469272	0.0	696376	9464.661297949753	0.010522919	1.2
6464.178082584047	1200	21.964587819834527	0.0	487160	4572.456391634742	0.6961232	1.2
6468.1640021750345	750	21.978668228846374	0.0	400396	3985.9195909881514	0.6943702	0.3
6471.727714199477	750	22.41495620440444	0.0	400508	3563.7120244419343	0.014447146	0.75
6475.649723802482	750	22.492946601399435	0.0	358218	3922.009603005006	0.009549813	0.75
6478.567030320639	750	23.575640083242117	0.0	400322	2917.3065181573197	0.0049154027	0.75
6482.293527846998	750	23.849142556883713	0.0	369834	3726.4975263584042	0.021273937	0.75
6486.077149635156	750	24.065520768725136	0.0	412837	3783.621788158576	0.007270973	0.75
6489.072529699156	750	25.070140704726082	0.0	401088	2995.380063999051	0.007658854	0.75
6492.162052734029	750	25.980617669853014	0.0	365161	3089.5230348730693	0.10150421	0.75
6495.128773884645	750	27.013896519237534	0.0	321064	2966.7211506154804	0.14503038	0.75
6497.403622333967	750	28.739048069915267	0.0	361565	2274.8484493222645	0.119375095	0.75
6502.823811581318	1200	27.318858822564184	0.0	605884	5420.189247351085	0.4891546	0.75
6509.311591597993	1200	24.831078805889906	0.0	587506	6487.780016674277	0.037331145	1.2
6516.2627605773205	1200	21.87990982656292	0.0	566904	6951.168979326986	0.16293299	1.2
6520.272916663681	1200	21.8697537402016	0.0	641452	4010.1560863613204	0.5211354	1.2
6524.754592687471	1200	21.388077716411786	0.0	599477	4481.676023789813	0.0073253685	1.2
6531.191730629793	1200	18.95093977408992	0.0	634861	6437.137942321865	0.011995545	1.2
6535.267680014426	1200	18.874990389456343	0.0	630203	4075.9493846335795	0.04806763	1.2
6543.750338085393	1200	14.392332318488616	0.0	638661	8482.658070967727	0.004705182	1.2
6548.575704393298	750	13.566966010583458	0.0	331053	4825.366307905157	0.38621426	0.3
6551.836529044016	750	14.306141359865897	0.0	314107	3260.8246507175622	0.0059637297	0.75

