22321.05874659245	750	4.0	4.146410706663652	450283	4146.4107066636525	0.021126872	-17.079566038653706
22322.179049094608	300	6.879697497844862	0.0	155580	1120.3025021551377	0.1528454	-0.15000000000000002
22323.207992256226	300	9.850754336222511	0.0	139857	1028.9431616223508	0.5528313	0.3
22324.328937665916	300	12.729808926533472	0.0	155432	1120.945409689039	0.037451044	0.3
22325.48997262649	300	15.568773965961913	0.0	163442	1161.0349605715603	0.3335492	0.3
22326.390737859376	300	18.66800873307405	0.0	126289	900.7652328878654	0.47791293	0.3
22327.507417203793	300	21.551329388656537	0.0	153295	1116.6793444175119	0.15162149	0.3
22329.016852906818	300	24.041893685629983	0.0	173849	1509.4357030265514	0.13605478	0.3
22330.307037625505	300	26.751708966942996	0.0	150710	1290.1847186869893	0.15012151	0.3
22331.39931872624	300	29.659427866210184	0.0	139105	1092.2811007328132	0.37653714	0.3
22332.50250849045	300	32.55623810200031	0.0	141840	1103.1897642098784	0.53700334	0.3
22333.815804606038	300	35.24294198640643	0.0	156148	1313.2961155938747	0.69680995	0.3
22336.93193616615	750	36.12681042629485	0.0	386351	3116.1315601115707	0.49143776	0.3
22341.855239251912	750	35.2035073405354	0.0	434409	4923.303085759447	0.0052337567	0.75
22348.762865079352	750	32.29588151309663	0.0	337059	6907.625827438777	0.018467318	0.75
22355.70926941314	750	29.349477179306277	0.0	366214	6946.404333790351	0.44396412	0.75
22357.81454144062	300	31.244205151824218	0.0	143509	2105.2720274820563	0.69004935	-0.15000000000000002
22360.49019524125	300	32.56855135119447	0.0	150616	2675.6538006297483	0.19740866	0.3
22362.452733616145	300	34.60601297630125	0.0	165384	1962.538374893221	0.1293671	0.3
22365.533841944525	750	35.52490464791658	0.0	350713	3081.108328384676	0.63245416	0.3
22369.12297535163	750	35.93577124081195	0.0	386472	3589.133407104617	0.004705182	0.75
22372.70640615644	750	36.35234043600175	0.0	399894	3583.4308048102093	0.004705182	0.75
22377.246391521676	750	35.81235507076798	0.0	401853	4539.98536523377	0.004705182	0.75
22383.47799670182	750	33.58074989062749	0.0	343800	6231.605180140495	0.004705182	0.75
22388.85065427288	750	32.20809231956408	0.0	359903	5372.6575710634015	0.004705182	0.75
22393.4604820989	750	31.59826449354531	0.0	379700	4609.827826018772	0.004705182	0.75
22399.521656031877	750	29.53709056056934	0.0	425781	6061.1739329759685	0.004705182	0.75
22404.197923560332	750	28.860823032112368	0.0	277716	4676.267528456975	0.004705182	0.75
22410.29831990842	750	26.760426684027546	0.0	400396	6100.39634808482	0.004705182	0.75
22421.88065533794	750	19.178091254503148	0.0	400508	11582.3354295244	0.004705182	0.75
22424.599141609277	300	20.4596049831668	0.0	157421	2718.4862713363473	0.07139668	-0.15000000000000002
22426.242356341547	300	22.816390250895804	0.0	157488	1643.214732270995	0.19728732	0.3
22428.10184261923	300	24.956903973211137	0.0	143881	1859.4862776846676	0.5838212	0.3
22433.181046241247	750	23.87770035119596	0.0	412837	5079.2036220151795	0.66254395	0.3
22438.317395744565	750	22.741350847877076	0.0	401088	5136.349503318886	0.008227338	0.75
22442.041683828542	750	23.017062763903755	0.0	365161	3724.2880839733175	0.0051652533	0.75
22445.595397053592	750	23.463349538850792	0.0	321064	3553.713225052964	0.0053909235	0.75
22450.236589093096	750	22.822157499345682	0.0	361565	4641.192039505108	0.004705182	0.75
22455.056432601414	750	22.00231399102849	0.0	378327	4819.843508317191	0.005109398	0.75
22460.19228332119	750	20.8664632712511	0.0	390680	5135.850719777391	0.0053865644	0.75
22465.307790168878	750	19.750956423563995	0.0	345516	5115.5068476871065	0.005917324	0.75
22469.41510853781	750	19.64363805462821	0.0	384505	4107.318368935787	0.004705182	0.75
22473.0831060144	750	19.975640578038146	0.0	372093	3667.9974765900615	0.009390041	0.75
22475.963031101564	750	21.095715490873015	0.0	438281	2879.9250871651298	0.02914508	0.75
22481.180581011595	1200	19.87816558084672	0.0	630203	5217.549910026295	0.6830701	0.75
22486.379991352907	1200	18.678755239533036	0.0	638661	5199.410341313682	0.037018754	1.2
22490.66884902328	1200	18.389897569158876	0.0	538612	4288.857670374161	0.016174082	1.2
22495.911912617074	1200	17.146833975367947	0.0	550906	5243.063593790929	0.016046576	1.2

