21259.711390313387	750	4.0	12.266701258043659	450283	12266.701258043659	0.03742384	-51.99681540958773
21264.343310843647	300	4.0	0.6319205302601922	155580	4631.920530260192	0.004705182	-2.867258280118827
21267.39114250998	300	4.952168333667658	0.0	139857	3047.8316663323417	0.004705182	0.3
21270.660618947215	300	5.682691896429397	0.0	155432	3269.4764372382615	0.004705182	0.3
21274.017894368022	300	6.325416475623024	0.0	163442	3357.275420806372	0.004705182	0.3
21276.14565983307	300	8.19765101057458	0.0	126289	2127.765465048444	0.004705182	0.3
21278.35098630123	300	9.99232454241477	0.0	153295	2205.326468159809	0.004705182	0.3
21280.547347366904	300	11.795963476741463	0.0	173849	2196.3610656733085	0.004705182	0.3
21282.355353696865	300	13.987957146781996	0.0	150710	1808.006329959466	0.004705182	0.3
21284.027091899923	300	16.316218943722877	0.0	139105	1671.7382030591195	0.004705182	0.3
21285.47369482626	300	18.86961601738669	0.0	141840	1446.6029263361888	0.004705182	0.3
21287.091683637795	300	21.251627205851133	0.0	156148	1617.9888115355566	0.0055677416	0.3
21288.833650585042	300	23.509660258605173	0.0	160746	1741.9669472459561	0.010484937	0.3
21290.740784535767	300	25.602526307880897	0.0	179801	1907.1339507242762	0.016794618	0.3
21292.165845107	300	28.177465736647086	0.0	140051	1425.0605712338108	0.035319004	0.3
21293.65229930882	300	30.691011534829666	0.0	138313	1486.454201817416	0.10687407	0.3
21295.44301680292	300	32.90029404072579	0.0	143509	1790.7174941038757	0.254536	0.3
21297.375594964687	300	34.96771587896075	0.0	150616	1932.5781617650355	0.43261567	0.3
21302.261325745403	750	34.081985098242775	0.0	405596	4885.7307807179795	0.6958099	0.3
21307.256189869546	750	33.087120974102554	0.0	350713	4994.8641241402265	0.028532092	0.75
21311.345121049842	750	32.99818979380392	0.0	386472	4088.9311802986335	0.026614588	0.75
21315.862782174554	750	32.480528669092784	0.0	399894	4517.661124711134	0.0064359205	0.75
21320.89233121185	750	31.45097963179561	0.0	401853	5029.549037297169	0.004705182	0.75
21326.16571085756	750	30.177599986085323	0.0	343800	5273.37964571029	0.004705182	0.75
21328.843615291542	750	31.499695552100164	0.0	359903	2677.904433985158	0.004705182	0.75
21331.51381764024	750	32.82949320340078	0.0	379700	2670.2023486993817	0.00596276	0.75
21334.865990999577	750	33.477319844067445	0.0	425781	3352.173359333336	0.013598258	0.75
21336.61133448901	750	35.73197635463372	0.0	277716	1745.3434894337286	0.033668656	0.75
21339.48052595103	750	36.862784892615	0.0	400396	2869.1914620187217	0.4856958	0.75
21342.631150323446	750	37.71216052019616	0.0	400508	3150.6243724188394	0.6185859	0.75
21346.148792212	1200	38.194518631643284	0.0	570392	3517.6418885528747	0.6679649	0.75
21350.36340546725	1200	37.97990537639173	0.0	620283	4214.613255251553	0.0058059227	1.2
21354.725866243316	1200	37.617444600324674	0.0	584349	4362.46077606705	0.004705182	1.2
21358.820214932417	1200	37.52309591122709	0.0	670129	4094.3486890975914	0.004705182	1.2
21363.279740760307	1200	37.06357008333349	0.0	690253	4459.525827893602	0.004705182	1.2
21367.035312223466	1200	37.307998620171894	0.0	598727	3755.571463161593	0.004705182	1.2
21370.25362166318	1200	38.08968918045656	0.0	487812	3218.3094397153336	0.0064403894	1.2
21374.256728174998	1200	38.086582668641704	0.0	575591	4003.1065118148526	0.0061897966	1.2
21378.425874415272	1200	37.91743642836918	0.0	605884	4169.146240272532	0.011692723	1.2
21383.85258074648	1200	36.49073009716229	0.0	587506	5426.706331206881	0.016487278	1.2
21387.759698891776	1200	36.58361195186539	0.0	566904	3907.118145296896	0.006398127	1.2
21396.380042399192	1200	31.963268444447838	0.0	641452	8620.34350741756	0.014079261	1.2
21399.906709528965	1200	32.43660131467766	0.0	599477	3526.667129770179	0.0051742843	1.2
21403.7785104766	1200	32.564800367039744	0.0	634861	3871.8009476379134	0.004928347	1.2
21407.23525683948	1200	33.108054004160536	0.0	630203	3456.746362879209	0.009227597	1.2
21416.65389977111	1200	27.689411072530078	0.0	638661	9418.642931630458	0.10069337	1.2
21426.813224102727	1200	21.530086740912374	0.0	538612	10159.324331617703	0.004705182	1.2
21431.510130356208	1200	20.83318048743363	0.0	550906	4696.906253478743	0.31067884	1.2

