171.28190345882197	750	4.0	1.4342768133466879	450283	1434.276813346688	0.004705182	-5.4173902973907575
172.6420647169182	750	6.6398387419037395	0.0	398865	1360.16125809626	0.004705182	0.75
174.07236340479625	750	9.209540054025693	0.0	350812	1430.298687878048	0.004705182	0.75
175.38743282318774	750	11.89447063563421	0.0	382355	1315.0694183914811	0.004705182	0.75
176.668837111412	750	14.613066347409948	0.0	411561	1281.4042882242632	0.021937635	0.75
177.89714244144272	750	17.38476101737922	0.0	318564	1228.305330030729	0.31369376	0.75
179.464486020444	750	19.81741743837792	0.0	352642	1567.3435790012984	0.063314624	0.75
181.49510059203104	750	21.786802866790907	0.0	437162	2030.6145715870136	0.019757675	0.75
184.2543189115751	1200	23.027584547246818	0.0	584846	2759.2183195440875	0.06024629	0.75
186.74343919170133	1200	24.538464267120606	0.0	560821	2489.120280126212	0.67614394	1.2
190.47321301323032	1200	24.8086904455916	0.0	607410	3729.773821529006	0.5328544	1.2
193.446796167558	750	25.83510729126394	0.0	405134	2973.58315432766	0.32668072	0.3
197.31474264483901	750	25.96716081398291	0.0	386351	3867.946477281031	0.0047504758	0.75
199.0289215717377	750	28.252981887084207	0.0	434409	1714.1789268987043	0.010116887	0.75
200.40590311790342	750	30.876000340918488	0.0	337059	1376.9815461657195	0.116215885	0.75
202.83599542396274	1200	32.445908034859166	0.0	587876	2430.092306059319	0.4234242	0.75
205.36558526560734	1200	33.916318193214565	0.0	617242	2529.5898416446034	0.015081522	1.2
208.07345266280524	1200	35.208450796016685	0.0	581493	2707.867397197889	0.004911869	1.2
212.39323496242173	1200	34.88866849640019	0.0	639204	4319.782299616487	0.004734028	1.2
215.84224313854602	1200	35.43966032027588	0.0	586839	3449.008176124313	0.041949365	1.2
218.68951970960836	1200	36.59238374921354	0.0	601738	2847.276571062335	0.014257832	1.2
221.84577203362068	1200	37.43613142520124	0.0	616206	3156.252324012307	0.004705182	1.2
224.88352370131028	1200	38.398379757511655	0.0	656471	3037.75166768958	0.004705182	1.2
227.40591327041656	1200	39.875990188405375	0.0	536667	2522.3895691062817	0.004705182	1.2
230.88871734083804	1200	40.393186117983866	0.0	587236	3482.8040704215073	0.004705182	1.2
238.83887562883007	1200	36.44302782999185	0.0	590335	7950.158287992018	0.004705182	1.2
247.99900857018085	1200	31.282894888641078	0.0	696376	9160.132941350774	0.14817753	1.2
252.23235624562534	1200	31.04954721319661	0.0	487160	4233.347675444465	0.61365694	1.2
257.67332993021216	1200	29.608573528609796	0.0	622896	5440.9736845868165	0.4600122	1.2
261.5750353435153	1200	29.706868115306627	0.0	641447	3901.7054133031656	0.49159896	1.2
263.59713784259515	1200	31.684765616226787	0.0	570392	2022.102499079839	0.01619897	1.2
265.3639990235492	1200	33.91790443527278	0.0	620283	1766.8611809540114	0.004705182	1.2
267.4157529189723	1200	35.86615053984965	0.0	584349	2051.753895423128	0.3208838	1.2
270.00414178219756	1200	37.27776167662444	0.0	670129	2588.3888632252083	0.60264266	1.2
274.7858084399779	2850	36.49609501884409	0.0	1492672	4781.666657780354	0.2932796	1.2000000000000002
279.67362265235164	2850	35.60828080647043	0.0	1439896	4887.814212373662	0.013174909	2.85
285.97535419338493	2850	33.30654926543712	0.0	1139291	6301.731541033314	0.07957601	2.85
292.426908212089	2850	30.854995246733	0.0	1499009	6451.55401870412	0.004705182	2.85
300.4331133821138	2850	26.848790076708223	0.0	1427478	8006.205170024776	0.006261505	2.85
307.5641436737027	2850	23.71775978511938	0.0	1402287	7131.030291588847	0.004705182	2.85
312.4727601470439	2850	22.80914331177816	0.0	1339500	4908.61647334122	0.004705182	2.85
319.17908653871734	2850	20.102816920104747	0.0	1527299	6706.326391673413	0.004705182	2.85
325.7504614406962	2850	17.53144201812588	0.0	1343002	6571.374901978866	0.004705182	2.85
336.77405953200656	2850	10.507843926815529	0.0	1587250	11023.59809131035	0.004705182	2.85
340.94170216813575	1200	10.34020129068635	0.0	630203	4167.64263612918	0.009438685	-0.44999999999999996
343.4949679025727	1200	11.786935556249395	0.0	638661	2553.265734436954	0.061534125	1.2
345.4606991214654	1200	13.821204337356706	0.0	538612	1965.731218892688	0.004705182	1.2
347.7952910847003	1200	15.486612374121792	0.0	550906	2334.591963234915	0.021281403	1.2

