3668.7497735654256	750	4.0	3.13772266060829	450283	3137.72266060829	0.00814269	-12.742207440615646
3670.905017046471	750	5.844756518954331	0.0	398865	2155.2434810456693	0.3240773	0.75
3672.2893718950936	750	8.460401670332143	0.0	350812	1384.354848622188	0.015172666	0.75
3673.561620262653	750	11.188153302772283	0.0	382355	1272.2483675598598	0.008522284	0.75
3674.782233051334	750	13.967540514091253	0.0	411561	1220.6127886810302	0.005063474	0.75
3675.4785506892968	750	17.271222876128586	0.0	318564	696.3176379626642	0.21720798	0.75
3676.840269605258	1200	19.909503960167342	0.0	561791	1361.7189159612483	0.0565984	0.75
3678.7529278327074	1200	21.996845732718043	0.0	709534	1912.6582274492966	0.004705182	1.2
3680.3095741469197	1200	24.44019941850554	0.0	584846	1556.6463142125042	0.004705182	1.2
3682.621479993475	1200	26.12829357195014	0.0	560821	2311.9058465553994	0.004705182	1.2
3686.1873188446566	1200	26.56245472076876	0.0	607410	3565.838851181382	0.004705182	1.2
3690.11308081496	1200	26.63669275046535	0.0	594078	3925.761970303409	0.024453321	1.2
3697.8748827714858	1200	22.874890793939365	0.0	624282	7761.8019565259865	0.26737437	1.2
3702.0389839788586	750	22.710789586566687	0.0	434409	4164.101207372678	0.30718192	0.3
3705.2354534974693	750	23.51432006795594	0.0	337059	3196.46951861075	0.20689541	0.75
3706.7525495834725	750	25.997223981953255	0.0	366214	1517.0960860026833	0.07175021	0.75
3708.156837128637	750	28.59293643678854	0.0	360831	1404.2875451647126	0.042075433	0.75
3709.619606324429	750	31.130167240996848	0.0	372963	1462.7691957916948	0.534185	0.75
3711.6695077915833	1200	33.0802657738422	0.0	639204	2049.9014671546456	0.4800089	0.75
3713.5232684021107	1200	35.22650516331469	0.0	586839	1853.7606105275086	0.004705182	1.2
3715.5599014767054	1200	37.18987208872	0.0	601738	2036.633074594691	0.0058419444	1.2
3717.549114400855	1200	39.20065916457019	0.0	616206	1989.2129241498133	0.01035509	1.2
3719.8804236315386	1200	40.86934993388691	0.0	656471	2331.3092306832814	0.06882434	1.2
3724.2867811438127	2850	40.46299242161253	0.0	1323990	4406.357512274368	0.7333341	1.2000000000000002
3728.2811360608544	2850	40.468637504571156	0.0	1383735	3994.354917041385	0.004705182	2.85
3733.806730349889	2850	38.94304321553671	0.0	1480464	5525.594289034442	0.0065479414	2.85
3738.871846216829	2850	37.87792734859677	0.0	1547572	5065.115866939939	0.004705182	2.85
3741.950182653812	2850	38.79959091161354	0.0	1141971	3078.3364369832307	0.0048914324	2.85
3745.379107313229	2850	39.37066625219691	0.0	1498470	3428.9246594166293	0.0051642046	2.85
3749.6610850990955	2850	39.08868846633034	0.0	1561263	4281.97778586657	0.017914142	2.85
3753.2363237535405	2850	39.513449811885614	0.0	1341201	3575.238654444731	0.026135478	2.85
3757.6618024877152	2850	39.087971077710975	0.0	1497683	4425.478734174641	0.051821545	2.85
3761.2609164609894	2850	39.48885710443666	0.0	1358081	3599.1139732743095	0.043284357	2.85
3764.660883528548	2850	40.088890036878176	0.0	1587293	3399.9670675584857	0.22491162	2.85
3770.417969630641	4300	38.33180393478511	0.0	2307787	5757.086102093065	0.6945483	2.8499999999999996
3776.231016912838	4300	36.51875665258787	0.0	2143948	5813.0472821972435	0.004705182	4.3
3781.58197555341	4300	35.16779801201595	0.0	1919781	5350.958640571916	0.004705182	4.3
3787.72278352016	4300	33.02699004526552	0.0	2147467	6140.807966750428	0.004705182	4.3
3796.6773357186626	4300	28.07243784676326	0.0	2133870	8954.55219850226	0.004705182	4.3
3804.890480096356	4300	23.8592934690697	0.0	2146120	8213.144377693558	0.22788309	4.3
3811.2123325661114	4300	21.537440999314327	0.0	2108491	6321.852469755375	0.26087502	4.3
3818.0019325960557	4300	18.747840969369797	0.0	2184571	6789.600029944529	0.33177748	4.3
3825.788554252125	4300	14.961219313300841	0.0	2121928	7786.621656068957	0.52458936	4.3
3831.5096107987397	2850	13.240162766685746	0.0	1587250	5721.056546615094	0.03782545	1.4000000000000001
3835.685788217533	2850	13.063985347892103	0.0	1464921	4176.177418793642	0.004705182	2.85
3840.48754087035	2850	12.262232695075173	0.0	1483527	4801.752652816928	0.004705182	2.85
3844.6448892547	2850	12.104884310725351	0.0	1231456	4157.348384349823	0.004705182	2.85
3851.6770125713497	2850	9.072760994075365	0.0	1364537	7032.123316649985	0.004705182	2.85

