6555.880141238861	750	4.0	4.043612194844198	450283	4043.6121948441983	0.009660342	-16.63753243783005
6557.536599645972	300	6.343541592888147	0.0	155580	1656.458407111853	0.21825795	-0.15000000000000002
6558.805290773712	300	9.07485046514876	0.0	139857	1268.6911277393874	0.038657468	0.3
6559.983255494522	300	11.896885744338519	0.0	155432	1177.9647208102417	0.008861968	0.3
6561.0933775042095	300	14.786763734651103	0.0	163442	1110.122009687414	0.16739286	0.3
6561.868243269765	300	18.011897969094953	0.0	126289	774.8657655561504	0.39017904	0.3
6562.885409470741	300	20.99473176811839	0.0	153295	1017.1662009765631	0.17875977	0.3
6564.327766565094	300	23.552374673766554	0.0	173849	1442.3570943518337	0.15362933	0.3
6566.045529891441	300	25.83461134741873	0.0	150710	1717.763326347823	0.15902889	0.3
6567.685905398809	300	28.194235840051057	0.0	139105	1640.3755073676718	0.1564697	0.3
6569.244985845486	300	30.63515539337508	0.0	141840	1559.0804466759766	0.16394219	0.3
6570.748656884379	300	33.13148435448211	0.0	156148	1503.6710388929696	0.23049037	0.3
6572.758651545304	300	35.12148969355655	0.0	160746	2009.9946609255603	0.58108425	0.3
6575.267041769431	300	36.6130994694294	0.0	179801	2508.390224127149	0.55362254	0.3
6577.176276420931	300	38.70386481792988	0.0	140051	1909.2346514995165	0.6152905	0.3
6578.99752518979	300	40.882616049069945	0.0	138313	1821.2487688599358	0.69308335	0.3
6582.232721740982	750	41.64741949787841	0.0	360831	3235.196551191541	0.44187132	0.3
6584.482407047611	750	43.39773419124888	0.0	372963	2249.685306629531	0.004705182	0.75
6587.587739472246	750	44.292401766613956	0.0	405596	3105.3324246349207	0.016691366	0.75
6590.210153096374	750	45.66998814248606	0.0	350713	2622.4136241278916	0.019138021	0.75
6594.685835975868	750	45.194305262992366	0.0	386472	4475.682879493705	0.078568496	0.75
6597.560029028238	750	46.32011221062253	0.0	399894	2874.1930523698306	0.018275324	0.75
6600.225376242399	750	47.65476499646077	0.0	401853	2665.34721416176	0.3757329	0.75
6604.63182690677	750	47.24831433209082	0.0	343800	4406.4506643699515	0.6705079	0.75
6609.650024037612	750	46.2301172012483	0.0	359903	5018.197130842519	0.17217587	0.75
6614.438712625018	750	45.44142861384271	0.0	379700	4788.688587405585	0.08367512	0.75
6618.75564013152	750	45.1245011073413	0.0	425781	4316.927506501408	0.1059925	0.75
6621.01253221229	750	46.86760902657019	0.0	277716	2256.8920807711083	0.35802165	0.75
6625.055770533272	750	46.82437070558827	0.0	400396	4043.238320981926	0.5988025	0.75
6633.982861820078	1200	41.89727941878163	0.0	641447	8927.091286806637	0.695759	0.75
6645.154446367261	1200	34.72569487159913	0.0	570392	11171.584547182501	0.34783873	1.2
6648.855739759607	750	35.02440147925263	0.0	400322	3701.2933923465052	0.34108752	0.3
6651.995911622765	750	35.884229616095574	0.0	369834	3140.1718631570584	0.06996977	0.75
6656.403793638078	750	35.476347600781814	0.0	412837	4407.882015313755	0.14287966	0.75
6661.291932129079	750	34.58820910978108	0.0	401088	4888.138491000733	0.32534188	0.75
6666.866237234734	750	33.01390400412641	0.0	365161	5574.305105654671	0.2314278	0.75
6668.536619230368	750	35.3435220084927	0.0	321064	1670.381995633714	0.08448996	0.75
6670.751296782753	1200	37.12884445610708	0.0	575591	2214.677552385621	0.034022853	0.75
6673.264774395931	1200	38.61536684292917	0.0	605884	2513.477613177906	0.011477867	1.2
6675.993966741208	1200	39.88617449765297	0.0	587506	2729.192345276195	0.76435083	1.2
6681.114395074732	2850	38.765746164129	0.0	1339500	5120.428333523977	0.21004443	1.2000000000000002
6686.110631352203	2850	37.7695098866573	0.0	1527299	4996.236277471699	0.009288596	2.85
6698.913918077195	2850	28.966223161665436	0.0	1343002	12803.286724991867	0.15057167	2.85
6703.14907511465	1200	28.731066124210244	0.0	634861	4235.157037455193	0.18773495	-0.44999999999999996
6705.726577920285	1200	30.15356331857544	0.0	630203	2577.5028056348006	0.004705182	1.2
6708.382046086077	1200	31.49809515278346	0.0	638661	2655.468165791984	0.16296789	1.2
6712.84534323107	2850	31.034798007789927	0.0	1231456	4463.297144993533	0.071649164	1.2000000000000002
6718.228619042345	2850	29.651522196515042	0.0	1364537	5383.275811274887	0.009551746	2.85

