5109.523023927864	750	4.0	2.7720774829579558	450283	2772.077482957956	0.004705182	-11.169933176719208
5112.075961562588	750	5.44706236527567	0.0	398865	2552.9376347243297	0.055030502	0.75
5113.817030987203	750	7.705992940661611	0.0	350812	1741.069424614059	0.065098844	0.75
5115.278082401354	750	10.2449415265102	0.0	382355	1461.0514141514122	0.07312554	0.75
5116.542924250636	750	12.980099677228496	0.0	411561	1264.8418492817027	0.005810106	0.75
5117.936979090565	750	15.586044837299495	0.0	318564	1394.0548399290028	0.026180794	0.75
5119.572326173252	750	17.950697754613234	0.0	352642	1635.3470826862608	0.01172095	0.75
5120.890413265323	750	20.6326106625412	0.0	437162	1318.0870920720342	0.012768817	0.75
5122.284721479222	750	23.238302448642127	0.0	374758	1394.308213899072	0.5534681	0.75
5125.135594198998	1200	24.38742972886667	0.0	560821	2850.872719775457	0.5972773	0.75
5128.5230777154575	1200	24.999946212407746	0.0	607410	3387.4835164589235	0.5495945	1.2
5131.939974808783	1200	25.58304911908288	0.0	594078	3416.897093324869	0.68772405	1.2
5135.392503052028	750	26.130520875836936	0.0	386351	3452.528243245942	0.6865065	0.3
5139.441908749319	750	26.081115178546295	0.0	434409	4049.4056972906424	0.0057070213	0.75
5141.745853586043	750	27.777170341821723	0.0	337059	2303.9448367245714	0.009292388	0.75
5144.6753270097315	750	28.847696918132613	0.0	366214	2929.47342368911	0.004705182	0.75
5147.742359949072	750	29.78066397879243	0.0	360831	3067.0329393401853	0.004705182	0.75
5154.4097604580475	750	27.11326346981659	0.0	372963	6667.400508975839	0.004705182	0.75
5159.2721815616915	750	26.250842366172133	0.0	405596	4862.421103644458	0.16046765	0.75
5161.2759229072235	750	28.247101020639946	0.0	350713	2003.741345532186	0.010203281	0.75
5162.91662834248	750	30.606395585383385	0.0	386472	1640.705435256557	0.004705182	0.75
5164.711695669943	750	32.811328257921204	0.0	399894	1795.0673274621854	0.13511352	0.75
5166.6804435069935	1200	34.84258042087019	0.0	656471	1968.7478370510141	0.67403144	0.75
5169.82003241634	1200	35.70299151152388	0.0	536667	3139.5889093463124	0.0071153087	1.2
5175.79904901194	1200	33.72397491592356	0.0	587236	5979.0165956003075	0.004705182	1.2
5177.624761535623	1200	35.89826239224071	0.0	590335	1825.7125236828533	0.05534658	1.2
5179.578325625644	1200	37.944698302219784	0.0	696376	1953.5640900209237	0.0052731093	1.2
5181.002894159308	1200	40.52012976855564	0.0	487160	1424.5685336641407	0.50705075	1.2
5184.806302556592	2850	40.71672137127248	0.0	1498470	3803.4083972831613	0.21480379	1.2000000000000002
5190.135165861901	2850	39.38785806596307	0.0	1561263	5328.8633053094045	0.010835447	2.85
5204.146116528474	2850	29.376907399391254	0.0	1341201	14010.950666571822	0.008396446	2.85
5213.089369563018	1200	24.43365436484712	0.0	620283	8943.253034544134	0.004705182	-0.44999999999999996
5223.434752064056	1200	18.088271863809293	0.0	584349	10345.382501037826	0.063405305	1.2
5225.994606481999	750	19.52841744586615	0.0	412837	2559.854417943139	0.18809856	0.3
5227.938318850873	750	21.584705076992496	0.0	401088	1943.712368873654	0.68884885	0.75
5230.185167426458	1200	23.337856501407703	0.0	598727	2246.848575584793	0.024874268	0.75
5232.182355334533	1200	25.34066859333193	0.0	487812	1997.187908075771	0.005440956	1.2
5234.294672944754	1200	27.22835098311069	0.0	575591	2112.317610221242	0.01362397	1.2
5236.4834861717845	1200	29.0395377560805	0.0	605884	2188.813227030191	0.61201435	1.2
5243.490593573937	2850	26.03243035392792	0.0	1402287	7007.107402152577	0.5496665	1.2000000000000002
5249.017026751765	2850	24.505997176099637	0.0	1339500	5526.433177828283	0.004705182	2.85
5255.434900781636	2850	22.0881231462287	0.0	1527299	6417.874029870938	0.008158574	2.85
5261.470550299158	2850	20.052473628706487	0.0	1343002	6035.6495175222135	0.0052875136	2.85
5267.026430563685	2850	18.49659336417995	0.0	1587250	5555.8802645265405	0.004705182	2.85
5272.212654548521	2850	17.310369379343214	0.0	1464921	5186.223984836736	0.004705182	2.85
5278.687131901626	2850	14.835892026237453	0.0	1483527	6474.477353105763	0.004705182	2.85
5284.642240500732	2850	12.880783427131554	0.0	1231456	5955.108599105898	0.004705182	2.85
5289.561266136087	2850	11.961757791776433	0.0	1364537	4919.025635355121	0.020599497	2.85

