18747.670501853554	750	4.0	6.08032816050688	450283	6080.3281605068805	0.0054589384	-25.395411090179586
18750.025453353952	300	5.645048499601703	0.0	155580	2354.951500398297	0.004705182	-0.15000000000000002
18752.2985321676	300	7.371969685954002	0.0	139857	2273.078813647701	0.004705182	0.3
18754.857970962443	300	8.81253089110955	0.0	155432	2559.4387948444523	0.004705182	0.3
18757.819673735812	300	9.85082811774056	0.0	163442	2961.702773368989	0.004705182	0.3
18759.85562470546	300	11.814877148093101	0.0	126289	2035.95096964746	0.004705182	0.3
18762.992871148395	300	12.677630705156039	0.0	153295	3137.2464429370616	0.004705182	0.3
18765.676338986894	300	13.994162866660107	0.0	173849	2683.4678384959343	0.004705182	0.3
18767.482211009814	300	16.188290843738397	0.0	150710	1805.8720229217085	0.004705182	0.3
18769.024105562497	300	18.646396291056924	0.0	139105	1541.894552681473	0.004705182	0.3
18770.480457616246	300	21.190044237308346	0.0	141840	1456.3520537485779	0.004705182	0.3
18772.007841407027	300	23.66266044652786	0.0	156148	1527.3837907804875	0.006099692	0.3
18773.56642548239	300	26.104076371164727	0.0	160746	1558.58407536313	0.01183622	0.3
18775.08867748102	300	28.58182437253266	0.0	179801	1522.2519986320674	0.021530924	0.3
18776.321932191073	300	31.348569662481943	0.0	140051	1233.254710050719	0.146416	0.3
18777.565272661643	300	34.10522919191621	0.0	138313	1243.340470565731	0.50314516	0.3
18778.82058548417	300	36.84991636938744	0.0	143509	1255.3128225287712	0.6343617	0.3
18782.035549810164	750	37.63495204339429	0.0	372963	3214.9643259931427	0.17573273	0.3
18786.239001875725	750	37.431499977832054	0.0	405596	4203.452065562238	0.004705182	0.75
18789.558817221852	750	38.11168463170132	0.0	350713	3319.815346130732	0.004705182	0.75
18794.966302000783	750	36.70419985277213	0.0	386472	5407.484778929197	0.004705182	0.75
18801.692458958612	750	33.97804289494329	0.0	399894	6726.156957828842	0.004705182	0.75
18807.130500013947	750	32.54000183960641	0.0	401853	5438.041055336878	0.005081147	0.75
18813.680762335884	750	29.989739517668852	0.0	343800	6550.262321937559	0.004705182	0.75
18817.828773546236	750	29.841728307317574	0.0	359903	4148.0112103512765	0.0051219347	0.75
18824.688649456937	750	26.981852396617498	0.0	379700	6859.875910700076	0.004705182	0.75
18831.08063653444	750	24.589865319113024	0.0	425781	6391.987077504473	0.0063659204	0.75
18834.774188389514	750	24.89631346404035	0.0	277716	3693.551855072674	0.005619277	0.75
18838.801078892724	750	24.8694229608295	0.0	400396	4026.8905032108514	0.004705182	0.75
18842.746283549513	750	24.92421830403749	0.0	400508	3945.204656792012	0.004705182	0.75
18848.15871385517	750	23.511787998380143	0.0	358218	5412.4303056573435	0.004705182	0.75
18857.218187977698	750	18.45231387585177	0.0	400322	9059.474122528372	0.0047413083	0.75
18859.879740102922	300	19.790761750627688	0.0	143881	2661.5521252240833	0.67456156	-0.15000000000000002
18868.427998641288	750	15.242503212264175	0.0	412837	8548.258538363512	0.5913302	0.3
18872.824268954304	300	14.846232899245583	0.0	179328	4396.270313018592	0.20651825	-0.15000000000000002
18876.0572326111	300	15.613269242448286	0.0	159914	3232.9636567972975	0.01211688	0.3
18878.469504671782	300	17.2009971817662	0.0	131610	2412.272060682085	0.007685746	0.3
18880.706596059343	300	18.963905794206838	0.0	124011	2237.0913875593596	0.016213505	0.3
18883.196063591495	300	20.474438262052235	0.0	144254	2489.4675321546065	0.04421627	0.3
18886.46022504961	300	21.21027680393577	0.0	149991	3264.1614581164663	0.12870388	0.3
18892.63905968697	750	19.03144216657667	0.0	345516	6178.834637359099	0.34518704	0.3
18897.89809996336	750	17.772401890185414	0.0	384505	5259.040276391257	0.17185886	0.75
18903.812815241672	750	15.85768661187109	0.0	372093	5914.715278314325	0.025417745	0.75
18911.617829574632	750	12.052672278910846	0.0	438281	7805.014332960244	0.12716995	0.75
18914.411453693203	300	13.259048160342324	0.0	167025	2793.6241185685203	0.10781768	-0.15000000000000002
18916.3517146306	300	15.318787222947558	0.0	160064	1940.2609373947678	0.104051374	0.3
18917.897593329606	300	17.772908523941574	0.0	137507	1545.8786990059868	0.6965608	0.3
18920.958670798118	750	18.711831055427773	0.0	314107	3061.077468513799	0.27870718	0.3

