23022.714383770184	750	4.0	3.445995646227827	450283	3445.9956462278274	0.039284885	-14.067781278779655
23023.784271612614	300	6.930112157568032	0.0	155580	1069.8878424319682	0.67860323	-0.15000000000000002
23026.13727094883	750	8.57711282135118	0.0	350812	2352.999336216852	0.67264056	0.3
23027.453635836533	300	11.260747933649489	0.0	155432	1316.3648877016917	0.68744713	-0.15000000000000002
23029.76593917673	300	12.948444593454422	0.0	163442	2312.3033401950674	0.25119027	0.3
23032.579555907192	300	14.13482786299147	0.0	126289	2813.616730462952	0.031657543	0.3
23036.613161756395	300	14.101222013788512	0.0	153295	4033.605849202956	0.0054278756	0.3
23041.057450481017	300	13.656933289167013	0.0	173849	4444.2887246215	0.004705182	0.3
23045.00231054178	300	13.712073228403758	0.0	150710	3944.8600607632534	0.004705182	0.3
23047.516975414394	300	15.197408355787932	0.0	139105	2514.664872615827	0.004705182	0.3
23050.15388506678	300	16.560498703406054	0.0	141840	2636.9096523818757	0.004705182	0.3
23053.31206496479	300	17.4023188053924	0.0	156148	3158.1798980136523	0.004705182	0.3
23056.37862689042	300	18.335756879765537	0.0	160746	3066.5619256268656	0.004705182	0.3
23059.37094495157	300	19.343438818609943	0.0	179801	2992.3180611555945	0.004705182	0.3
23062.284119916094	300	20.43026385409053	0.0	140051	2913.1749645194145	0.004705182	0.3
23064.438301271937	300	22.276082498243756	0.0	138313	2154.1813558467716	0.004705182	0.3
23067.13618161545	300	23.578202154732697	0.0	143509	2697.8803435110563	0.004705182	0.3
23070.856997813786	300	23.857385956394968	0.0	150616	3720.8161983377336	0.004705182	0.3
23073.84956429297	300	24.864819477212208	0.0	165384	2992.566479182757	0.004705182	0.3
23075.43570856181	300	27.27867520837098	0.0	140881	1586.1442688412267	0.006062035	0.3
23077.169870147023	300	29.544513623158434	0.0	157671	1734.1615852125458	0.044410836	0.3
23079.79697669059	300	30.91740707958968	0.0	157812	2627.1065435687524	0.11686911	0.3
23082.00253036344	300	32.711853406738584	0.0	163927	2205.5536728510974	0.1388086	0.3
23087.328511267093	750	31.38587250308728	0.0	343800	5325.980903651304	0.6768323	0.3
23091.430918072467	750	31.28346569771191	0.0	359903	4102.406805375369	0.03695105	0.75
23095.096577464246	750	31.617806305933403	0.0	379700	3665.6593917785085	0.0049917535	0.75
23099.21451271326	750	31.499871056916447	0.0	425781	4117.935249016955	0.004705182	0.75
23102.29617859234	750	32.418205177836434	0.0	277716	3081.66587908001	0.004705182	0.75
23107.353803110913	750	31.360580659262645	0.0	400396	5057.62451857379	0.004705182	0.75
23111.913871231223	750	30.800512538951	0.0	400508	4560.068120311648	0.004705182	0.75
23115.079335526993	750	31.635048243185068	0.0	358218	3165.4642957659307	0.0061387196	0.75
23119.01549828525	750	31.69888548492475	0.0	400322	3936.162758260317	0.014619779	0.75
23122.555811744405	750	32.15857202577221	0.0	369834	3540.3134591525445	0.021389673	0.75
23126.59177401374	750	32.122609756434606	0.0	412837	4035.9622693376023	0.064849555	0.75
23130.824480108615	750	31.88990366156225	0.0	401088	4232.706094872356	0.11469946	0.75
23134.661667197583	750	32.052716572595	0.0	365161	3837.187088967249	0.13470824	0.75
23137.94499699839	750	32.76938677178607	0.0	321064	3283.3298008089264	0.20204392	0.75
23141.909511872433	750	32.804871897744164	0.0	361565	3964.5148740419104	0.24992026	0.75
23148.69356271167	750	30.02082105850906	0.0	378327	6784.0508392351	0.39109695	0.75
23155.039307161223	750	27.675076608954175	0.0	390680	6345.744449554884	0.024049904	0.75
23160.96793216515	750	25.746451605026156	0.0	345516	5928.625003928019	0.018734835	0.75
23164.92521755531	750	25.789166214869095	0.0	384505	3957.2853901570593	0.0080582015	0.75
23167.945899537663	750	26.768484232513067	0.0	372093	3020.681982356029	0.0779847	0.75
23171.67343913962	750	27.040944630556535	0.0	438281	3727.53960195653	0.630093	0.75
23177.346556308225	1200	25.367827461950846	0.0	630203	5673.1171686056905	0.50227654	0.75
23184.364398590187	1200	22.349985179987666	0.0	638661	7017.842281963177	0.008899896	1.2
23188.818293717304	1200	21.896090052873305	0.0	538612	4453.895127114364	0.028856955	1.2
23195.60622853435	1200	19.108155235823254	0.0	550906	6787.93481705005	0.010572319	1.2

