22502.514853721274	750	4.0	6.602941104200595	450283	6602.941104200595	0.1325184	-27.642646748062557
22504.13610188985	300	6.378751831422763	0.0	155580	1621.2481685772375	0.004705182	-0.15000000000000002
22505.77109268379	300	8.743761037482852	0.0	139857	1634.990793939913	0.005594789	0.3
22507.733031927353	300	10.78182179391646	0.0	155432	1961.9392435663906	0.004705182	0.3
22509.770983081922	300	12.743870639348641	0.0	163442	2037.9511545678201	0.0050348276	0.3
22511.494336733293	300	15.020516987977592	0.0	126289	1723.353651371049	0.012563736	0.3
22514.46691226374	300	16.04794145752979	0.0	153295	2972.575530447798	0.004705182	0.3
22516.260840227864	300	18.254013493403146	0.0	173849	1793.9279641266485	0.004705182	0.3
22517.86603997592	300	20.648813745344214	0.0	150710	1605.1997480589303	0.004705182	0.3
22519.60892069123	300	22.90593303003619	0.0	139105	1742.8807153080222	0.009757301	0.3
22521.23535768399	300	25.279496037276587	0.0	141840	1626.4369927596035	0.0070818784	0.3
22522.613229485843	300	27.901624235422688	0.0	156148	1377.8718018538968	0.011805578	0.3
22523.8314537255	300	30.683399995767914	0.0	160746	1218.2242396547738	0.049655892	0.3
22526.737656695204	750	31.777197026061145	0.0	434409	2906.202969706771	0.2946231	0.3
22529.6187609499	750	32.89609277136899	0.0	337059	2881.104254692157	0.018249039	0.75
22532.762761161146	750	33.752092560122385	0.0	366214	3144.0002112466	0.006913651	0.75
22535.680815122545	750	34.834038598720866	0.0	360831	2918.0539614015233	0.004705182	0.75
22538.673536117945	750	35.84131760332131	0.0	372963	2992.720995399559	0.004705182	0.75
22542.366081132874	750	36.14877258839244	0.0	405596	3692.5450149288645	0.004705182	0.75
22545.596633988105	750	36.91821973316232	0.0	350713	3230.552855230127	0.004705182	0.75
22549.249606690104	750	37.265247031160854	0.0	386472	3652.9727020014616	0.005512642	0.75
22552.797081398876	750	37.71777232239039	0.0	399894	3547.474708770468	0.005742074	0.75
22555.822068206	750	38.69278551526867	0.0	401853	3024.9868071217184	0.008465415	0.75
22558.98807483012	750	39.5267788911469	0.0	343800	3166.006624121775	0.048973627	0.75
22562.130064353292	750	40.38478936797438	0.0	359903	3141.989523172518	0.033343643	0.75
22564.942881160845	750	41.57197256042056	0.0	379700	2812.8168075538215	0.09244927	0.75
22568.50001589076	750	42.01483783050159	0.0	425781	3557.1347299189683	0.43957123	0.75
22570.69276626191	750	43.82208745935316	0.0	277716	2192.7503711484296	0.6090183	0.75
22575.67808114283	1200	42.836772578434925	0.0	622896	4985.314880918239	0.6932901	0.75
22582.491024640753	1200	40.02382908050942	0.0	641447	6812.943497925503	0.013792831	1.2
22590.629872681035	1200	35.884981040230606	0.0	570392	8138.848040278816	0.05534314	1.2
22599.86902606614	1200	30.645827655124364	0.0	620283	9239.153385106238	0.56618124	1.2
22604.001075290525	750	30.513778430737347	0.0	369834	4132.0492243870185	0.61606413	0.3
22606.892765967423	750	31.622087753844244	0.0	412837	2891.690676893103	0.015005307	0.75
22610.478158997834	750	32.03669472343191	0.0	401088	3585.39303041234	0.41193828	0.75
22613.938800562755	750	32.57605315850962	0.0	365161	3460.6415649222813	0.6092138	0.75
22622.230667884818	1200	28.284185836444987	0.0	487812	8291.867322064638	0.6801362	0.75
22629.91006116402	750	24.604792557241726	0.0	361565	7679.393279203262	0.6247918	0.3
22636.553223508996	750	21.96163021226936	0.0	378327	6643.162344972367	0.0055005783	0.75
22641.006271083468	750	21.508582637795886	0.0	390680	4453.04757447347	0.004705182	0.75
22643.83018108648	750	22.684672634782096	0.0	345516	2823.910003013793	0.007058014	0.75
22649.0353321865	1200	21.47952153476306	0.0	641452	5205.1511000190385	0.095086314	0.75
22653.48594241846	1200	21.028911302805433	0.0	599477	4450.610231957624	0.06734061	1.2
22658.230087630785	1200	20.284766090480783	0.0	634861	4744.145212324653	0.015454401	1.2
22662.46880733589	1200	20.046046385381537	0.0	630203	4238.719705099242	0.010712763	1.2
22666.66530108717	1200	19.849552634097286	0.0	638661	4196.4937512842525	0.005251786	1.2
22672.124321305633	1200	18.39053241563694	0.0	538612	5459.020218460349	0.004712691	1.2
22677.13459486309	1200	17.38025885817811	0.0	550906	5010.273557458831	0.02333788	1.2

