13208.036201059627	750	4.0	2.855960794164828	450283	2855.9607941648283	0.004705182	-11.530631414908761
13209.59438186299	750	6.441819196637774	0.0	398865	1558.1808033622256	0.0865959	0.75
13210.929091670472	750	9.107109389153718	0.0	350812	1334.7098074840558	0.004705182	0.75
13212.899078829001	750	11.137122230623794	0.0	382355	1969.9871585299243	0.005485937	0.75
13215.075311116494	750	12.960889943130661	0.0	411561	2176.232287493132	0.015836833	0.75
13216.972478007568	750	15.063723052056845	0.0	318564	1897.166891073818	0.012012303	0.75
13219.067213085034	750	16.968987974590373	0.0	352642	2094.735077466472	0.050816096	0.75
13222.042123938825	750	17.994077120800767	0.0	437162	2974.9108537896072	0.13991705	0.75
13224.139252922461	750	19.896948137164557	0.0	374758	2097.128983636212	0.22603558	0.75
13225.672306927314	750	22.363894132310588	0.0	362795	1533.0540048539697	0.0404732	0.75
13227.02964272651	750	25.006558333115198	0.0	353220	1357.3357991953885	0.006100247	0.75
13228.466217848301	750	27.569983211323457	0.0	405134	1436.5751217917393	0.028163573	0.75
13231.260066291423	1200	28.77613476820153	0.0	624282	2793.84844312193	0.62066627	0.75
13233.57015554571	1200	30.466045513914267	0.0	687371	2310.0892542872607	0.086936384	1.2
13235.521716155534	1200	32.51448490409174	0.0	526950	1951.5606098225323	0.004705182	1.2
13237.881273180481	1200	34.154927879145426	0.0	587876	2359.5570249463062	0.004705182	1.2
13240.583974639072	1200	35.45222642055451	0.0	617242	2702.701458590915	0.004705182	1.2
13243.64285503447	1200	36.39334602515578	0.0	581493	3058.88039539873	0.004705182	1.2
13247.262505888595	1200	36.77369517103175	0.0	639204	3619.650854124035	0.004705182	1.2
13250.566549578485	1200	37.469651481140886	0.0	586839	3304.0436898908574	0.004705182	1.2
13253.515649116705	1200	38.52055194292159	0.0	601738	2949.0995382192955	0.004705182	1.2
13256.848793311035	1200	39.18740774859151	0.0	616206	3333.1441943300847	0.004705182	1.2
13261.65984811143	1200	38.37635294819573	0.0	656471	4811.054800395779	0.004705182	1.2
13265.506274002173	1200	38.52992705745274	0.0	536667	3846.4258907429935	0.0059692687	1.2
13269.29108171157	1200	38.745119348056996	0.0	587236	3784.8077093957445	0.0074149584	1.2
13273.069893099515	1200	38.966307960112395	0.0	590335	3778.811387944598	0.005543406	1.2
13276.691148620763	1200	39.34505243886547	0.0	696376	3621.2555212469224	0.0054013724	1.2
13280.898211723244	1200	39.137989336383754	0.0	487160	4207.063102481717	0.004705182	1.2
13286.238682853162	1200	37.79751820646508	0.0	622896	5340.471129918673	0.0058392067	1.2
13291.62991490441	1200	36.40628615521711	0.0	641447	5391.232051247967	0.007876827	1.2
13297.124755758254	1200	34.911445301373824	0.0	570392	5494.840853843288	0.009182834	1.2
13303.444553577805	1200	32.59164748182249	0.0	620283	6319.797819551334	0.027556758	1.2
13309.177901449804	1200	30.858299609822904	0.0	584349	5733.347871999586	0.08398973	1.2
13314.04407772664	1200	29.99212333298782	0.0	670129	4866.1762768350845	0.07730755	1.2
13317.972693353797	1200	30.063507705830816	0.0	690253	3928.6156271570026	0.010522959	1.2
13328.467299817858	1200	23.568901241768323	0.0	598727	10494.606464062494	0.004705182	1.2
13330.569041925943	750	25.46715913368484	0.0	321064	2101.742108083478	0.51014525	0.3
13332.765478718882	750	27.27072234074473	0.0	361565	2196.436792940113	0.6942886	0.75
13335.987444457129	1200	28.04875660249927	0.0	605884	3221.965738245461	0.21107139	0.75
13339.013380816215	1200	29.0228202434123	0.0	587506	3025.936359086967	0.004705182	1.2
13341.174764711144	1200	30.861436348484304	0.0	566904	2161.383894927995	0.0078710355	1.2
13343.518470695839	1200	32.5177303637886	0.0	641452	2343.7059846957054	0.693906	1.2
13348.053449356748	2850	31.982751702879238	0.0	1343002	4534.978660909361	0.08603107	1.2000000000000002
13352.976649596218	2850	31.059551463408912	0.0	1587250	4923.200239470325	0.025771754	2.85
13356.707274144595	2850	31.328926915032348	0.0	1464921	3730.6245483765647	0.55034524	2.85
13364.175431345282	4300	27.860769714346105	0.0	2246506	7468.1572006862425	0.4152407	2.8499999999999996
13371.796093690273	4300	24.240107369354895	0.0	1961140	7620.662344991209	0.004705182	4.3
13384.395028914678	4300	15.641172144951062	0.0	2155012	12598.935224403835	0.01150717	4.3

