12000.713326549872	750	4.0	2.600378850967279	450283	2600.378850967279	0.13405292	-10.431629059159299
12002.667411987573	750	6.045914562300093	0.0	398865	1954.0854376999066	0.02124747	0.75
12004.532279104751	750	8.181047445122672	0.0	350812	1864.86711717742	0.0049150675	0.75
12007.247531777235	750	9.465794772638933	0.0	382355	2715.2526724837385	0.070757404	0.75
12010.30667384103	750	10.406652708842687	0.0	411561	3059.142063796247	0.19856675	0.75
12013.793332091278	750	10.919994458596554	0.0	318564	3486.6582502461342	0.11115895	0.75
12016.147163325348	750	12.56616322452772	0.0	352642	2353.831234068834	0.5897915	0.75
12020.147540534055	750	12.565786015819768	0.0	437162	4000.3772087079524	0.693151	0.75
12022.088228694654	300	14.625097855220314	0.0	150710	1940.6881605994524	0.59274936	-0.15000000000000002
12023.65532024846	300	17.05800630141769	0.0	139105	1567.091553802623	0.010581009	0.3
12024.637305532753	300	20.076021017123495	0.0	141840	981.9852842941997	0.007594842	0.3
12025.77708754229	300	22.93623900758802	0.0	156148	1139.7820095354723	0.06493284	0.3
12027.092085209948	300	25.62124133993099	0.0	160746	1314.9976676570327	0.07488813	0.3
12028.513453029407	300	28.199873520470334	0.0	179801	1421.367819460655	0.07944438	0.3
12029.79889595455	300	30.914430595327822	0.0	140051	1285.4429251425106	0.5106397	0.3
12031.105519530045	300	33.60780701983144	0.0	138313	1306.623575496382	0.67860144	0.3
12033.73372149647	750	34.979605053405756	0.0	360831	2628.2019664256795	0.60006505	0.3
12036.559992456218	750	36.15333409365835	0.0	372963	2826.270959747411	0.0047068503	0.75
12042.455042903941	750	34.25828364593635	0.0	405596	5895.050447721993	0.005373304	0.75
12049.867274379782	750	30.84605217009479	0.0	350713	7412.231475841564	0.0126231415	0.75
12054.049961312548	750	30.663365237327607	0.0	386472	4182.686932767187	0.21031897	0.75
12058.23062604366	750	30.482700506216908	0.0	399894	4180.664731110696	0.008511985	0.75
12063.550770285969	750	29.16255626390955	0.0	401853	5320.144242307359	0.004705182	0.75
12066.069765497397	750	30.643561052479676	0.0	343800	2518.995211429876	0.0052410346	0.75
12068.4315016467	750	32.28182490317653	0.0	359903	2361.7361493031476	0.005560785	0.75
12070.388872709324	750	34.3244538405543	0.0	379700	1957.3710626222319	0.02693438	0.75
12073.010099191197	750	35.70322735868	0.0	425781	2621.2264818743033	0.58991414	0.75
12075.055159114998	750	37.65816743487765	0.0	277716	2045.0599238023494	0.672493	0.75
12078.818221124473	750	37.89510542540351	0.0	400396	3763.062009474143	0.6794763	0.75
12082.015175552997	750	38.69815099687843	0.0	400508	3196.9544285250754	0.43307152	0.75
12084.427686467074	750	40.28564008280212	0.0	358218	2412.510914076306	0.6871486	0.75
12087.907008472746	1200	40.80631807712966	0.0	620283	3479.3220056724567	0.23411955	0.75
12091.102513337837	1200	41.61081321203756	0.0	584349	3195.504865092105	0.0048604854	1.2
12095.68419052004	1200	41.02913602983517	0.0	670129	4581.677182202388	0.006742216	1.2
12099.911166909433	1200	40.80215964044424	0.0	690253	4226.97638939093	0.005541299	1.2
12103.891930183792	1200	40.82139636608334	0.0	598727	3980.7632743609	0.008728453	1.2
12108.042662186657	1200	40.67066436321839	0.0	487812	4150.7320028649465	0.012796577	1.2
12110.32575239579	1200	42.387574154088504	0.0	575591	2283.0902091298817	0.0053102965	1.2
12121.558617847824	2850	35.15470870205165	0.0	1427478	11232.865452036858	0.6233057	1.2000000000000002
12130.73347458068	2850	29.97985196919577	0.0	1402287	9174.856732855878	0.58311546	2.85
12137.136548923465	2850	27.57677762641172	0.0	1339500	6403.074342784052	0.038114566	2.85
12143.214521292839	2850	25.498805257037464	0.0	1527299	6077.972369374254	0.005014146	2.85
12148.279969097344	2850	24.43335745253246	0.0	1343002	5065.447804505007	0.004705182	2.85
12153.407575531268	2850	23.305751018608003	0.0	1587250	5127.606433924453	0.004705182	2.85
12158.43532291526	2850	22.278003634615885	0.0	1464921	5027.7473839921195	0.004705182	2.85
12162.946944817608	2850	21.76638173226801	0.0	1483527	4511.621902347877	0.004705182	2.85
12168.094421558291	2850	20.61890499158582	0.0	1231456	5147.4767406821875	0.01023093	2.85
12171.846813102873	2850	20.866513447003825	0.0	1364537	3752.391544581994	0.004705182	2.85

