9363.219039217123	750	4.0	1.7227784527213061	450283	1722.7784527213062	0.0057123387	-6.657947346701616
9365.015262071467	750	6.20377714565615	0.0	398865	1796.22285434385	0.004705182	0.75
9366.76246275717	750	8.456576459953192	0.0	350812	1747.2006857029573	0.004705182	0.75
9368.215873815872	750	11.003165401252037	0.0	382355	1453.4110587011546	0.011053582	0.75
9369.699063840588	750	13.519975376535525	0.0	411561	1483.1900247165124	0.004705182	0.75
9370.826440646646	750	16.392598570478143	0.0	318564	1127.376806057383	0.008741288	0.75
9372.195851160186	750	19.023188056939958	0.0	352642	1369.4105135381826	0.027196871	0.75
9374.208155698137	750	21.010883518988923	0.0	437162	2012.3045379510377	0.024313426	0.75
9375.927193967258	750	23.291845249867496	0.0	374758	1719.0382691214247	0.02402131	0.75
9377.816533290781	750	25.402505926345857	0.0	362795	1889.3393235216392	0.024981242	0.75
9380.710766747574	750	26.508272469553916	0.0	353220	2894.233456791942	0.014871352	0.75
9382.77804438642	750	28.440994830709236	0.0	405134	2067.2776388446755	0.0061995783	0.75
9384.909228703815	750	30.30981051331189	0.0	386351	2131.184317397347	0.014227688	0.75
9387.29170243377	750	31.927336783359067	0.0	434409	2382.4737299528224	0.016753614	0.75
9389.008071299462	750	34.210967917665165	0.0	337059	1716.3688656939055	0.039174654	0.75
9391.955558646676	1200	35.263480570452536	0.0	587876	2947.4873472126264	0.10989203	0.75
9395.95916940551	1200	35.259869811616774	0.0	617242	4003.610758835761	0.07489064	1.2
9399.637988474346	1200	35.58105074278326	0.0	581493	3678.8190688335067	0.3813691	1.2
9403.805729350619	1200	35.41330986650828	0.0	639204	4167.740876274984	0.2673829	1.2
9407.8512545867	1200	35.36778463042668	0.0	586839	4045.5252360815994	0.1527673	1.2
9411.976589401442	1200	35.24244981568382	0.0	601738	4125.334814742862	0.19475028	1.2
9416.661812174545	1200	34.55722704258112	0.0	616206	4685.222773102699	0.17677906	1.2
9421.982049469761	1200	33.23698974736568	0.0	656471	5320.237295215431	0.21633112	1.2
9426.345894080234	1200	32.87314513689277	0.0	536667	4363.844610472916	0.30062115	1.2
9429.519703163785	750	33.69933605334197	0.0	359903	3173.809083550788	0.46144325	0.3
9433.79005710097	750	33.428982116158224	0.0	379700	4270.353937183753	0.04671488	0.75
9438.855279426332	750	32.3637597907959	0.0	425781	5065.222325362321	0.011103422	0.75
9445.429360609445	750	29.78967860768273	0.0	277716	6574.081183113171	0.009217082	0.75
9452.287880777729	750	26.93115843939915	0.0	400396	6858.520168283579	0.004705182	0.75
9459.423862289272	750	23.79517692785708	0.0	400508	7135.981511542067	0.004705182	0.75
9462.104835481292	750	25.114203735836828	0.0	358218	2680.9731920202535	0.008037802	0.75
9464.419240322817	750	26.799798894310456	0.0	400322	2314.4048415263715	0.005985858	0.75
9466.907701883792	750	28.31133733333386	0.0	369834	2488.4615609765956	0.15053245	0.75
9469.715155273192	750	29.503883943935307	0.0	412837	2807.453389398554	0.30657485	0.75
9472.192155435532	750	31.026883781593746	0.0	401088	2477.000162341558	0.69545925	0.75
9475.541922898723	1200	31.677116318403073	0.0	598727	3349.7674631906752	0.21597609	0.75
9479.603494491308	1200	31.615544725816783	0.0	487812	4061.57159258629	0.004705182	1.2
9483.176327872721	1200	32.04271134440353	0.0	575591	3572.8333814132516	0.0088764	1.2
9488.137469629317	1200	31.081569587807163	0.0	605884	4961.141756596366	0.005506926	1.2
9491.251051609237	1200	31.96798760788742	0.0	587506	3113.581979919746	0.004705182	1.2
9493.698348191328	1200	33.52069102579524	0.0	566904	2447.296582092183	0.009675331	1.2
9496.540282674812	1200	34.67875654231239	0.0	641452	2841.934483482856	0.09432305	1.2
9501.898723233871	2850	33.320315983253096	0.0	1343002	5358.440559059295	0.398326	1.2000000000000002
9509.556968261764	2850	29.66207095536075	0.0	1587250	7658.245027892342	0.005142862	2.85
9519.391223142255	2850	23.8278160748682	0.0	1464921	9834.254880492554	0.004705182	2.85
9538.74955838347	2850	8.469480833653535	0.0	1483527	19358.335241214663	0.028697716	2.85
9542.019748032955	300	9.19929118416824	0.0	137507	3270.1896494852954	0.004705182	-2.25
9545.267432826	300	9.951606391124367	0.0	118421	3247.6847930438726	0.004705182	0.3

