20883.127807591358	750	4.0	4.3779972098671385	450283	4377.997209867139	0.67134434	-18.075388002428696
20884.386085355272	300	6.741722236087304	0.0	155580	1258.2777639126964	0.06900286	-0.15000000000000002
20885.431061188603	300	9.696746402752327	0.0	139857	1044.975833334976	0.20493142	0.3
20886.61610910923	300	12.511698482125855	0.0	155432	1185.0479206264713	0.023228439	0.3
20887.89070502882	300	15.237102562534885	0.0	163442	1274.5959195909713	0.1881401	0.3
20888.941008766746	300	18.186798824610893	0.0	126289	1050.30373792399	0.2649752	0.3
20890.210688093717	300	20.917119497636964	0.0	153295	1269.6793269739317	0.060252164	0.3
20891.594010703586	300	23.5337968877697	0.0	173849	1383.322609867264	0.05262462	0.3
20892.84231863324	300	26.285488958114374	0.0	150710	1248.3079296553226	0.122132085	0.3
20895.647941713924	750	27.479865877432182	0.0	362795	2805.623080682195	0.29929134	0.3
20898.353109826643	750	28.774697764710414	0.0	353220	2705.168112721767	0.2937524	0.75
20901.03708034293	750	30.090727248423516	0.0	405134	2683.9705162869004	0.075149916	0.75
20903.524717080403	750	31.60309051095011	0.0	386351	2487.6367374734036	0.0128126135	0.75
20906.697212851384	750	32.43059473997225	0.0	434409	3172.4957709778614	0.0047129295	0.75
20909.25228466564	750	33.875522925713994	0.0	337059	2555.071814258257	0.004705182	0.75
20912.284944648418	750	34.84286294293529	0.0	366214	3032.659982778707	0.004705182	0.75
20916.022171204004	750	35.10563638734985	0.0	360831	3737.2265555854424	0.004705182	0.75
20919.3797645697	750	35.74804302165339	0.0	372963	3357.5933656964603	0.004705182	0.75
20923.053312421453	750	36.07449516990097	0.0	405596	3673.547851752419	0.004705182	0.75
20926.63202969539	750	36.49577789596515	0.0	350713	3578.717273935816	0.004705182	0.75
20932.195278822448	750	34.93252876890382	0.0	386472	5563.249127061328	0.004705182	0.75
20936.143220011872	750	34.98458757947953	0.0	399894	3947.941189424291	0.004705182	0.75
20939.526733523922	750	35.60107406742744	0.0	401853	3383.5135120520854	0.004705182	0.75
20942.613184112877	750	36.51462347847432	0.0	343800	3086.450588953123	0.007399438	0.75
20945.730930639504	750	37.396876951843836	0.0	359903	3117.7465266304885	0.007862732	0.75
20948.7847035385	750	38.34310405285129	0.0	379700	3053.7728989925463	0.022011071	0.75
20952.524076079357	750	38.603731511995456	0.0	425781	3739.3725408558294	0.08698818	0.75
20954.926269145246	750	40.20153844610448	0.0	277716	2402.1930658909755	0.15271251	0.75
20958.175367582575	750	40.95244000877702	0.0	400396	3249.098437327462	0.16975707	0.75
20961.176498727156	750	41.951308864194644	0.0	400508	3001.1311445823735	0.5864272	0.75
20963.974363882673	750	43.15344370867913	0.0	358218	2797.8651555155175	0.4888994	0.75
20969.308016208837	1200	41.81979138251146	0.0	620283	5333.652326167671	0.3508278	0.75
20974.704453190745	1200	40.42335440060597	0.0	584349	5396.436981905482	0.0075656124	1.2
20979.342253348932	1200	39.78555424241766	0.0	670129	4637.800158188317	0.0071255327	1.2
20985.190806440012	1200	37.93700115133834	0.0	690253	5848.553091079315	0.004705182	1.2
20990.931195700196	1200	36.19661189115253	0.0	598727	5740.389260185814	0.004705182	1.2
20996.055110209123	1200	35.07269738222366	0.0	487812	5123.914508928864	0.004705182	1.2
21001.866233803346	1200	33.26157378799881	0.0	575591	5811.1235942248495	0.007453261	1.2
21007.897419069464	1200	31.23038852187882	0.0	605884	6031.185266119994	0.006304262	1.2
21013.425046758402	1200	29.702760832940175	0.0	587506	5527.627688938647	0.007107506	1.2
21018.56308505019	1200	28.564722541152417	0.0	566904	5138.038291787758	0.00668865	1.2
21023.996686207403	1200	27.13112138394245	0.0	641452	5433.601157209967	0.0058927867	1.2
21029.845107492045	1200	25.282700099302083	0.0	599477	5848.421284640366	0.004859315	1.2
21035.554173645032	1200	23.573633946317262	0.0	634861	5709.066152984824	0.00802655	1.2
21044.97605167941	1200	18.15175591193683	0.0	630203	9421.87803438043	0.0060613714	1.2
21052.178610148338	1200	14.949197443008853	0.0	638661	7202.5584689279785	0.6941494	1.2
21056.69152717505	1200	14.436280416295897	0.0	538612	4512.917026712957	0.5656853	1.2
21059.442149698923	750	15.685657892421585	0.0	314107	2750.622523874312	0.23280472	0.3

