12677.649888890322	750	4.0	1.7041197936685797	450283	1704.1197936685796	0.004705182	-6.577715112774892
12679.49039693407	750	6.159491956252071	0.0	398865	1840.5080437479282	0.004705182	0.75
12681.04621967467	750	8.60366921565108	0.0	350812	1555.8227406009928	0.004705182	0.75
12682.970157730151	750	10.67973116017162	0.0	382355	1923.938055479459	0.0060662823	0.75
12685.050292184622	750	12.599596705701524	0.0	411561	2080.134454470097	0.0075011505	0.75
12686.486841958747	750	15.1630469315743	0.0	318564	1436.5497741272243	0.0068026064	0.75
12687.853731430772	750	17.79615745955016	0.0	352642	1366.889472024138	0.012434804	0.75
12689.64219921536	750	20.00768967496226	0.0	437162	1788.4677845878953	0.0077355583	0.75
12691.193715172127	750	22.45617371819554	0.0	374758	1551.5159567667197	0.011514961	0.75
12692.779256351265	750	24.87063253905822	0.0	362795	1585.5411791373185	0.027030278	0.75
12694.455754629429	750	27.194134260892135	0.0	353220	1676.4982781660888	0.06111551	0.75
12696.404279473549	750	29.24560941677213	0.0	405134	1948.524844120002	0.062953345	0.75
12698.135120445246	750	31.514768445074584	0.0	386351	1730.8409716975482	0.14888678	0.75
12700.700270689938	1200	32.94961820038256	0.0	687371	2565.1502446920226	0.59797245	0.75
12703.36377048929	1200	34.28611840103014	0.0	526950	2663.499799352418	0.0051254616	1.2
12707.19029867343	1200	34.459590216891925	0.0	587876	3826.5281841382093	0.013739866	1.2
12709.591605066691	1200	36.058283823630426	0.0	617242	2401.306393261503	0.103707634	1.2
12711.815416736896	1200	37.83447215342545	0.0	581493	2223.811670204974	0.004705182	1.2
12714.57906765457	1200	39.07082123575254	0.0	639204	2763.6509176729073	0.004705182	1.2
12715.96577762992	1200	41.68411126040279	0.0	586839	1386.70997534975	0.004705182	1.2
12717.774591908636	1200	43.8752969816866	0.0	601738	1808.814278716186	0.13353369	1.2
12722.439638897693	2850	43.21024999262886	0.0	1468126	4665.046989057743	0.6302663	1.2000000000000002
12728.925068424198	2850	40.724820466122125	0.0	1505760	6485.429526506734	0.004705182	2.85
12733.902819733565	2850	39.747069156757036	0.0	1323990	4977.751309365092	0.004705182	2.85
12738.742295692438	2850	38.907593197881845	0.0	1383735	4839.475958875183	0.004705182	2.85
12744.680660720947	2850	36.96922816937142	0.0	1480464	5938.365028510434	0.004705182	2.85
12750.610860529383	2850	35.0390283609362	0.0	1547572	5930.199808435215	0.004705182	2.85
12753.979818073487	2850	35.67007081683299	0.0	1141971	3368.957544103213	0.004705182	2.85
12759.850418502769	2850	33.79947038755218	0.0	1498470	5870.600429280815	0.004705182	2.85
12766.909007379003	2850	30.740881511318033	0.0	1561263	7058.588876234141	0.004705182	2.85
12777.04967044609	2850	24.600218444231935	0.0	1341201	10140.663067086098	0.004705182	2.85
12782.602741537185	1200	23.047147353135475	0.0	620283	5553.071091096459	0.031072548	-0.44999999999999996
12788.298517294146	1200	21.351371596174594	0.0	584349	5695.775756960881	0.004705182	1.2
12792.65568732063	1200	20.994201569690713	0.0	670129	4357.170026483885	0.030756619	1.2
12796.696549306445	1200	20.9533395838745	0.0	690253	4040.8619858162133	0.0069161407	1.2
12799.565134600492	1200	22.084754289826392	0.0	598727	2868.585294048104	0.004705182	1.2
12802.049476405216	1200	23.600412485102577	0.0	487812	2484.3418047238138	0.004705182	1.2
12806.96333640069	1200	22.686552489628934	0.0	575591	4913.859995473641	0.004705182	1.2
12815.352932785006	1200	18.296956105312304	0.0	605884	8389.596384316634	0.01736382	1.2
12818.242124394808	750	19.40776449551029	0.0	390680	2889.191609802016	0.45238662	0.3
12822.49720091056	1200	19.152687979758113	0.0	566904	4255.076515752174	0.586717	0.75
12826.055568337792	1200	19.594320552527563	0.0	641452	3558.3674272305484	0.04963255	1.2
12828.117205139595	1200	21.532683750722168	0.0	599477	2061.636801805396	0.004705182	1.2
12830.133673013055	1200	23.516215877261725	0.0	634861	2016.4678734604408	0.049234115	1.2
12835.303359331074	2850	22.34652955924405	0.0	1464921	5169.686318017676	0.04109012	1.2000000000000002
12839.144520569642	2850	22.505368320675252	0.0	1483527	3841.1612385687936	0.0115140565	2.85
12844.462913151425	4300	21.186975738892343	0.0	1961140	5318.39258178291	0.66699874	2.8499999999999996
12852.858631934529	4300	16.79125695578698	0.0	2155012	8395.718783105362	0.0059630307	4.3

