14111.335734899925	750	4.0	1.9120480482224669	450283	1912.0480482224668	0.008076109	-7.471806607356607
14113.185160541718	750	6.150574358208762	0.0	398865	1849.425641791238	0.004705182	0.75
14114.711554158852	750	8.62418074107329	0.0	350812	1526.3936171354708	0.004705182	0.75
14118.193549237154	750	9.142185662770313	0.0	382355	3481.995078302978	0.006214522	0.75
14125.579772053872	750	5.755962846053477	0.0	411561	7386.222816716835	0.22945851	0.75
14126.6259041719	300	8.709830728024041	0.0	126289	1046.1321180294372	0.004705182	-0.15000000000000002
14127.876583400763	300	11.45915149916207	0.0	153295	1250.6792288619713	0.053756006	0.3
14129.077933829141	300	14.257801070784405	0.0	173849	1201.3504283776654	0.01143436	0.3
14130.393936196908	300	16.941798703017017	0.0	150710	1316.0023677673832	0.13771804	0.3
14131.793585493791	300	19.542149406133184	0.0	139105	1399.649296883835	0.091081135	0.3
14133.386621981645	300	21.949112918279944	0.0	141840	1593.0364878532375	0.011125439	0.3
14135.227089183554	300	24.108645716370656	0.0	156148	1840.4672019092895	0.0106054535	0.3
14136.112339555832	300	27.22339534409336	0.0	160746	885.2503722772951	0.01160801	0.3
14137.211810147108	300	30.123924752815636	0.0	179801	1099.4705912777204	0.69150627	0.3
14139.195093878272	750	32.1406410216511	0.0	337059	1983.28373116454	0.54474825	0.3
14141.380248024185	750	33.9554868757396	0.0	366214	2185.1541459114924	0.005200705	0.75
14143.033471423067	750	36.302263476856766	0.0	360831	1653.2233988828402	0.008405319	0.75
14144.927122919154	750	38.40861198076883	0.0	372963	1893.651496087934	0.3733177	0.75
14146.991253894746	750	40.34448100517822	0.0	405596	2064.1309755906113	0.5233155	0.75
14150.090287011002	1200	41.24544788892407	0.0	586839	3099.0331162541493	0.44823954	0.75
14155.57634313791	1200	39.75939176201613	0.0	601738	5486.056126907939	0.0050713173	1.2
14162.016367895452	1200	37.31936700447299	0.0	616206	6440.02475754314	0.110383995	1.2
14175.643160287695	1200	27.692574612229468	0.0	656471	13626.792392243522	0.5179097	1.2
14177.907036765977	300	29.428698133947382	0.0	137654	2263.876478282082	0.5120563	-0.6000000000000001
14181.996876127938	750	29.338858771987443	0.0	359903	4089.8393619599397	0.6889994	0.3
14184.5672000053	750	30.76853489462573	0.0	379700	2570.323877361712	0.005487562	0.75
14187.8818267887	750	31.45390811122622	0.0	425781	3314.6267833995075	0.039222427	0.75
14190.471864849893	750	32.86387005003135	0.0	277716	2590.038061194872	0.04879436	0.75
14196.505745006827	750	30.82998989309641	0.0	400396	6033.880156934937	0.011238371	0.75
14201.432735873621	750	29.90299902630254	0.0	400508	4926.990866793874	0.004705182	0.75
14204.856099500468	750	30.479635399456022	0.0	358218	3423.3636268465148	0.004705182	0.75
14207.640361289667	750	31.695373610257203	0.0	400322	2784.26178919882	0.009195848	0.75
14209.368060148076	750	33.96767475184949	0.0	369834	1727.6988584077117	0.14247264	0.75
14212.263335490412	1200	35.072399409513714	0.0	670129	2895.2753423357817	0.06920898	0.75
14215.778386651453	1200	35.55734824847245	0.0	690253	3515.0511610412605	0.007606117	1.2
14218.574706057383	1200	36.76102884254221	0.0	598727	2796.31940593024	0.010875311	1.2
14220.481295763482	1200	38.85443913644434	0.0	487812	1906.589706097866	0.08200868	1.2
14222.849596335767	1200	40.48613856415806	0.0	575591	2368.300572286279	0.7835936	1.2
14228.779689949779	2850	38.55604495014686	0.0	1427478	5930.0936140112	0.08318715	1.2000000000000002
14234.789044201354	2850	36.54669069857259	0.0	1402287	6009.354251574274	0.0064658877	2.85
14247.64438095563	2850	27.691353944296402	0.0	1339500	12855.336754276183	0.00970923	2.85
14255.861465228098	1200	23.47426967182795	0.0	641452	8217.084272468452	0.008669495	-0.44999999999999996
14259.6472133649	1200	23.68852153502367	0.0	599477	3785.7481368042804	0.005757263	1.2
14263.006418277131	1200	24.329316622792813	0.0	634861	3359.204912230859	0.004705182	1.2
14266.487418440809	1200	24.848316459113864	0.0	630203	3481.0001636789475	0.004705182	1.2
14269.631159042254	1200	25.704575857669635	0.0	638661	3143.7406014442267	0.02205592	1.2
14272.372482901137	1200	26.96325199878631	0.0	538612	2741.323858883327	0.72582746	1.2
14274.912910306986	1200	28.422824592936845	0.0	550906	2540.4274058494625	0.67065215	1.2

