11838.809821349505	750	4.0	1.5823407749373364	450283	1582.3407749373364	0.04597248	-6.054065332230546
11840.398373352604	750	6.411447996900855	0.0	398865	1588.5520030991447	0.004705182	0.75
11842.055990693885	750	8.75383065561924	0.0	350812	1657.617341281615	0.004705182	0.75
11843.470623190107	750	11.339198159398642	0.0	382355	1414.632496220598	0.0065432815	0.75
11844.884146268825	750	13.925675080678698	0.0	411561	1413.5230787199455	0.004874505	0.75
11846.294266514617	750	16.515554834888565	0.0	318564	1410.1202457901313	0.024584575	0.75
11847.83398671082	750	18.975834638684226	0.0	352642	1539.7201962043368	0.006680578	0.75
11849.513713398299	750	21.29610795120591	0.0	437162	1679.7266874783152	0.008561363	0.75
11851.108351070408	750	23.70147027909703	0.0	374758	1594.6376721088825	0.13563436	0.75
11852.758222394965	750	26.051598954540115	0.0	362795	1649.8713245569174	0.094048664	0.75
11854.301676041585	750	28.508145307920454	0.0	353220	1543.4536466196596	0.09089132	0.75
11856.519581874772	1200	30.290239474731603	0.0	594078	2217.905833188851	0.44567803	0.75
11858.995635449879	1200	31.814185899625873	0.0	624282	2476.053575105729	0.0087103965	1.2
11862.157383622838	1200	32.652437726665795	0.0	687371	3161.748172960082	0.006672343	1.2
11864.117231289032	1200	34.69259006047145	0.0	526950	1959.8476661943346	0.0075925407	1.2
11866.41120165474	1200	36.3986196947655	0.0	587876	2293.9703657059563	0.004705182	1.2
11869.291673881371	1200	37.51814746813374	0.0	617242	2880.4722266317544	0.004705182	1.2
11871.894143928821	1200	38.91567742068358	0.0	581493	2602.470047450164	0.004705182	1.2
11874.686252446103	1200	40.12356890339959	0.0	639204	2792.1085172839853	0.004705182	1.2
11877.279185110136	1200	41.53063623936769	0.0	586839	2592.9326640318945	0.004705182	1.2
11880.199260576128	1200	42.61056077337544	0.0	601738	2920.0754659922522	0.004705182	1.2
11882.271095059647	1200	44.538726289857145	0.0	616206	2071.8344835182943	0.004705182	1.2
11885.598811025035	1200	45.21101032446917	0.0	656471	3327.715965387969	0.023297738	1.2
11887.651125185299	1200	47.158696164203356	0.0	536667	2052.314160265816	0.008796186	1.2
11890.204785931992	1200	48.60503541751096	0.0	587236	2553.6607466923992	0.04240969	1.2
11893.621221913818	1200	49.18859943568427	0.0	590335	3416.4359818266935	0.05952373	1.2
11898.535711484134	1200	48.274109865368544	0.0	696376	4914.489570315718	0.015321296	1.2
11901.108426175568	1200	49.70139517393466	0.0	487160	2572.714691433891	0.008311307	1.2
11903.834675602959	1200	50.97514574654374	0.0	622896	2726.249427390916	0.014437096	1.2
11907.259085747115	1200	51.55073560238711	0.0	641447	3424.4101441566413	0.12913094	1.2
11911.127937698111	1200	51.681883651391175	0.0	570392	3868.8519509959283	0.10813755	1.2
11916.913858337213	1200	49.895963012290466	0.0	620283	5785.920639100708	0.039961845	1.2
11921.420448837915	1200	49.38937251158658	0.0	584349	4506.590500703885	0.006889411	1.2
11927.783736122254	1200	47.02608522724719	0.0	670129	6363.287284339395	0.007862644	1.2
11933.458598380277	1200	45.351222969224295	0.0	690253	5674.862258022891	0.004705182	1.2
11937.695499443002	1200	45.11432190649946	0.0	598727	4236.901062724833	0.004705182	1.2
11944.977451200144	1200	41.83237014935758	0.0	487812	7281.951757141884	0.006732707	1.2
11954.21980255513	1200	36.5900187943732	0.0	575591	9242.351354984374	0.004705182	1.2
11961.004007343967	1200	33.80581400553565	0.0	605884	6784.2047888375555	0.0102783255	1.2
11966.921847531084	1200	31.887973818418764	0.0	587506	5917.840187116887	0.0066201095	1.2
11970.47348493137	1200	32.33633641813275	0.0	566904	3551.6374002860075	0.0061061736	1.2
11973.985631976884	1200	32.82418937261867	0.0	641452	3512.147045514092	0.004705182	1.2
11978.881349381028	1200	31.92847196847511	0.0	599477	4895.717404143556	0.0070935204	1.2
11983.753355913137	1200	31.05646543636716	0.0	634861	4872.006532107954	0.0053990097	1.2
11987.53391935811	1200	31.27590199139335	0.0	630203	3780.5634449738077	0.008090642	1.2
11990.98014915114	1200	31.829672198362882	0.0	638661	3446.229793030469	0.030219866	1.2
11994.389071244428	1200	32.420750105076024	0.0	538612	3408.9220932868598	0.28758886	1.2
11998.112947698906	1200	32.69687365059802	0.0	550906	3723.8764544780015	0.11552553	1.2

