14997.884430957565	750	4.0	5.4395307625425735	450283	5439.530762542574	0.020918556	-22.639982278933065
15000.278057825491	300	5.606373132073677	0.0	155580	2393.6268679263235	0.005790397	-0.15000000000000002
15002.4496838578	300	7.4347470997634195	0.0	139857	2171.626032310258	0.004705182	0.3
15005.404183837967	300	8.480247119597157	0.0	155432	2954.4999801662616	0.004705182	0.3
15007.773997179096	300	10.110433778467936	0.0	163442	2369.8133411292224	0.004705182	0.3
15008.79011875324	300	13.094312204322456	0.0	126289	1016.1215741454799	0.005172224	0.3
15009.865385703186	300	16.019045254378536	0.0	153295	1075.2669499439207	0.0055435984	0.3
15011.023052990058	300	18.861377967505376	0.0	173849	1157.667286873158	0.011297784	0.3
15012.149522189984	300	21.73490876757911	0.0	150710	1126.4691999262682	0.026241513	0.3
15013.237933862136	300	24.64649709542586	0.0	139105	1088.4116721532487	0.057425275	0.3
15014.231267866187	300	27.65316309137637	0.0	141840	993.3340040494905	0.09212944	0.3
15015.377324905801	300	30.507106051761742	0.0	156148	1146.0570396146302	0.36607397	0.3
15016.53101997103	300	33.35341098653257	0.0	160746	1153.6950652291687	0.6881143	0.3
15019.90104402708	750	33.983386930483086	0.0	434409	3370.024056049483	0.32367894	0.3
15022.161204261882	750	35.7232266956792	0.0	337059	2260.1602348038914	0.0061322004	0.75
15026.752363164569	750	35.13206779299284	0.0	366214	4591.1589026863585	0.0052450015	0.75
15029.616020725594	750	36.26841023196575	0.0	360831	2863.657561027089	0.0064541483	0.75
15033.006399052127	750	36.87803190543403	0.0	372963	3390.378326531724	0.004705182	0.75
15037.896481154934	750	35.9879498026274	0.0	405596	4890.082102806628	0.004705182	0.75
15043.529642443114	750	34.354788514446945	0.0	350713	5633.161288180454	0.004705182	0.75
15047.076868056994	750	34.807562900567206	0.0	386472	3547.2256138797343	0.004705182	0.75
15050.993047093505	750	34.891383864055925	0.0	399894	3916.1790365112824	0.004705182	0.75
15054.724330294175	750	35.160100663386004	0.0	401853	3731.2832006699264	0.004705182	0.75
15057.101266143285	750	36.78316481427634	0.0	343800	2376.9358491096655	0.005009977	0.75
15059.690067293795	750	38.194363663765664	0.0	359903	2588.8011505106715	0.04211501	0.75
15062.349685325556	750	39.53474563200393	0.0	379700	2659.618031761732	0.13558774	0.75
15065.613802602036	750	40.270628355524664	0.0	425781	3264.117276479268	0.33434036	0.75
15067.663223500602	750	42.22120745695846	0.0	277716	2049.4208985662076	0.57229406	0.75
15072.118018605759	1200	41.76641235180054	0.0	622896	4454.795105157918	0.66649175	0.75
15078.160563446187	1200	39.723867511374294	0.0	641447	6042.5448404262415	0.009509068	1.2
15082.792799752426	1200	39.09163120513463	0.0	570392	4632.23630623966	0.02238842	1.2
15087.4060197208	1200	38.478411236760486	0.0	620283	4613.219968374147	0.010286794	1.2
15092.043269376727	1200	37.84116158083442	0.0	584349	4637.249655926071	0.0051760487	1.2
15102.381599177923	1200	31.50283177963752	0.0	670129	10338.329801196893	0.005092941	1.2
15108.123147423283	1200	29.761283534278565	0.0	690253	5741.548245358953	0.50203294	1.2
15112.33363749944	1200	29.550793458119472	0.0	598727	4210.490076159093	0.02738275	1.2
15116.014920628893	1200	29.869510328665942	0.0	487812	3681.283129453527	0.0058767316	1.2
15120.964830363797	1200	28.91960059376346	0.0	575591	4949.909734902486	0.010798351	1.2
15126.600867263756	1200	27.28356369380406	0.0	605884	5636.036899959398	0.00784956	1.2
15133.056843297172	1200	24.827587660389156	0.0	587506	6455.976033414904	0.011944457	1.2
15140.927324195105	1200	20.957106762456057	0.0	566904	7870.4808979331	0.034310676	1.2
15144.40892585638	750	21.47550510118254	0.0	384505	3481.601661273513	0.6717897	0.3
15148.033412726176	750	21.85101823138723	0.0	372093	3624.486869795313	0.32796782	0.75
15151.72016278433	750	22.164268173232426	0.0	438281	3686.750058154802	0.3106857	0.75
15156.087040765631	1200	21.797390191931687	0.0	630203	4366.87798130074	0.6805442	0.75
15160.803207153233	1200	21.081223804331398	0.0	638661	4716.166387600288	0.0053713545	1.2
15164.794004175832	1200	21.090426781732464	0.0	538612	3990.797022598934	0.004988575	1.2
15168.596574834928	1200	21.287856122637045	0.0	550906	3802.57065909542	0.0055468273	1.2

