22154.98225603496	750	4.0	4.955564253110452	450283	4955.564253110451	0.027394617	-20.55892628837494
22158.084126231817	300	4.898129803144833	0.0	155580	3101.870196855167	0.013052458	-0.15000000000000002
22162.616195482286	300	4.366060552675044	0.0	139857	4532.06925046979	0.004705182	0.3
22167.076753553953	300	4.0	0.09449751899309194	155432	4460.558071668135	0.004705182	-0.10633933167029536
22171.27932796208	300	4.0	0.20257440812354435	163442	4202.574408123544	0.004705182	-0.5710699549312408
22173.840964442647	300	5.4383635194307365	0.0	126289	2561.6364805692638	0.004705182	0.3
22177.38571283826	300	5.893615123821788	0.0	153295	3544.7483956089477	0.004705182	0.3
22181.560056040627	300	5.719271921455934	0.0	173849	4174.343202365854	0.004705182	0.3
22185.273744043418	300	6.005583918662889	0.0	150710	3713.6880027930442	0.004705182	0.3
22189.94387233169	300	5.335455630391578	0.0	139105	4670.128288271311	0.004705182	0.3
22195.479566692833	300	4.0	0.20023873074991025	141840	5535.694361141488	0.004705182	-0.5610265422246141
22198.89791024471	300	4.5816564481259725	0.0	156148	3418.343551874027	0.004705182	0.3
22201.54798251264	300	5.931584180193429	0.0	160746	2650.0722679325436	0.004705182	0.3
22203.724522249086	300	7.755044443746576	0.0	179801	2176.5397364468536	0.004705182	0.3
22205.839914217857	300	9.639652474976108	0.0	140051	2115.3919687704674	0.004705182	0.3
22208.459114813137	300	11.020451879694862	0.0	138313	2619.200595281248	0.004705182	0.3
22211.1293776372	300	12.350189055631322	0.0	143509	2670.2628240635395	0.004705182	0.3
22212.56030154811	300	14.919265144724124	0.0	150616	1430.9239109071982	0.004705182	0.3
22213.788386753233	300	17.691179939601383	0.0	165384	1228.0852051227403	0.004705182	0.3
22214.88501113294	300	20.594555559893635	0.0	140881	1096.6243797077523	0.021836728	0.3
22216.542238280592	300	22.93732841224439	0.0	157671	1657.2271476492424	0.040778317	0.3
22218.069666527594	300	25.409900165240742	0.0	157812	1527.428247003648	0.08745683	0.3
22219.427863811135	300	28.051702881701104	0.0	163927	1358.1972835396361	0.42646515	0.3
22220.741870103426	300	30.737696589411136	0.0	137654	1314.0062922899674	0.55343455	0.3
22224.245522304125	750	31.234044388710693	0.0	359903	3503.652200700445	0.3596465	0.3
22227.1126732024	750	32.36689349043523	0.0	379700	2867.1508982754603	0.004719485	0.75
22233.060145692554	750	30.419421000281204	0.0	425781	5947.47249015403	0.010693365	0.75
22240.22689605041	750	27.252670642421762	0.0	277716	7166.750357859439	0.0056947335	0.75
22249.57260205081	750	21.90696464202742	0.0	400396	9345.706000394339	0.12937781	0.75
22252.257090265408	300	23.222476427425523	0.0	149029	2684.488214601901	0.43195477	-0.15000000000000002
22253.983815326043	300	25.495751366790685	0.0	157421	1726.7250606348346	0.25321478	0.3
22259.149400014023	750	24.330166678807494	0.0	400322	5165.584687983193	0.68106806	0.3
22263.24925200001	750	24.230314692823573	0.0	369834	4099.851985983922	0.0063061374	0.75
22267.318842004686	750	24.160724688144	0.0	412837	4069.5900046795705	0.004705182	0.75
22270.186301414054	750	25.293265278777746	0.0	401088	2867.4594093662563	0.004705182	0.75
22272.596289582998	750	26.88327710983429	0.0	365161	2409.988168943454	0.037650578	0.75
22274.883016809697	750	28.596549883135317	0.0	321064	2286.7272266989703	0.214225	0.75
22277.44557974521	750	30.03398694762119	0.0	361565	2562.562935514127	0.5662044	0.75
22283.054763160246	750	28.424803532585013	0.0	378327	5609.183415036174	0.427657	0.75
22286.99622214092	750	28.483344551913476	0.0	390680	3941.4589806715385	0.13902411	0.75
22289.22401971602	750	30.25554697681258	0.0	345516	2227.797575100896	0.5563116	0.75
22292.839277708623	1200	30.640288984210404	0.0	641452	3615.257992602176	0.17128573	0.75
22296.449768938783	1200	31.029797754049927	0.0	599477	3610.4912301604777	0.0073121446	1.2
22301.11847962262	1200	30.36108707021594	0.0	634861	4668.710683833986	0.011347723	1.2
22305.61262570202	1200	29.866940990813752	0.0	630203	4494.14607940219	0.012373947	1.2
22309.856139442236	1200	29.62342725059915	0.0	638661	4243.513740214603	0.01403541	1.2
22313.10910120656	1200	30.37046548627554	0.0	538612	3252.9617643236115	0.026667507	1.2
22316.912335885787	1200	30.567230807050418	0.0	550906	3803.2346792251205	0.028517704	1.2

