10593.63059506931	750	4.0	3.0006457348380566	450283	3000.645734838057	0.07123859	-12.152776659803642
10596.30633359248	750	5.324261476829477	0.0	398865	2675.7385231705234	0.17843053	0.75
10598.665785766416	750	6.964809302894167	0.0	350812	2359.4521739353095	0.13938093	0.75
10600.047893497074	300	9.582701572236115	0.0	155432	1382.107730658053	0.67826164	-0.15000000000000002
10601.709801006986	300	11.92079406232402	0.0	163442	1661.9075099120926	0.0803787	0.3
10602.99964183463	300	14.630953234678824	0.0	126289	1289.840827645197	0.10868607	0.3
10604.642614064396	300	16.987981004914545	0.0	153295	1642.9722297642802	0.0428173	0.3
10606.887767386059	300	18.74282768325091	0.0	173849	2245.1533216636367	0.016719537	0.3
10608.773811858826	300	20.856783210484146	0.0	150710	1886.0444727667589	0.008035098	0.3
10609.907401907236	300	23.723193162074743	0.0	139105	1133.5900484094057	0.012634635	0.3
10610.777845005618	300	26.85275006369129	0.0	141840	870.4430983834533	0.06701656	0.3
10611.799787664482	300	29.830807404827823	0.0	156148	1021.9426588634662	0.33722943	0.3
10612.962716170476	300	32.66787889883612	0.0	160746	1162.9285059916976	0.5633861	0.3
10615.725960716512	750	33.90463435279836	0.0	434409	2763.24454603776	0.60843104	0.3
10618.572995779301	750	35.05759929000982	0.0	337059	2847.0350627885446	0.0047454694	0.75
10621.523911236107	750	36.10668383320295	0.0	366214	2950.9154568068698	0.004705182	0.75
10624.92419974864	750	36.7063953206701	0.0	360831	3400.2885125328526	0.004705182	0.75
10627.271699691682	750	38.358895377627654	0.0	372963	2347.4999430424423	0.004705182	0.75
10629.202678166386	750	40.42791690292487	0.0	405596	1930.9784747027825	0.020184752	0.75
10630.763468386373	750	42.86712668293814	0.0	350713	1560.7902199867326	0.6100543	0.75
10633.485463955585	1200	44.1451311137259	0.0	601738	2721.9955692122376	0.1778261	0.75
10636.071494758522	1200	45.559100310787976	0.0	616206	2586.0308029379285	0.004705182	1.2
10639.117752452677	1200	46.512842616633655	0.0	656471	3046.2576941543166	0.004828894	1.2
10641.257423239324	1200	48.37317182998599	0.0	536667	2139.670786647664	0.005682271	1.2
10644.223688608796	1200	49.40690646051536	0.0	587236	2966.2653694706337	0.013737086	1.2
10647.689552101754	1200	49.94104296755762	0.0	590335	3465.863492957736	0.012757573	1.2
10651.819141136446	1200	49.811453932865504	0.0	696376	4129.58903469212	0.009775822	1.2
10655.71205890157	1200	49.91853616774071	0.0	487160	3892.9177651247883	0.01710881	1.2
10661.457301909506	1200	48.17329315980516	0.0	622896	5745.243007935544	0.0062367017	1.2
10667.532622907162	1200	46.0979721621505	0.0	641447	6075.320997654666	0.004705182	1.2
10670.765899306398	1200	46.864695762914984	0.0	570392	3233.2763992355162	0.004705182	1.2
10673.785676165027	1200	47.844918904285215	0.0	620283	3019.776858629769	0.004705182	1.2
10676.792848817571	1200	48.83774625173992	0.0	584349	3007.1726525452887	0.0081568025	1.2
10680.4486859234	1200	49.18190914591258	0.0	670129	3655.837105827346	0.026673421	1.2
10683.967786482985	1200	49.66280858632764	0.0	690253	3519.1005595849356	0.11746769	1.2
10687.571450653471	1200	50.05914441584129	0.0	598727	3603.664170486356	0.71940094	1.2
10693.373487771223	2850	48.2571072980897	0.0	1139291	5802.037117751585	0.6468012	1.2000000000000002
10701.400014493895	2850	44.23058057541868	0.0	1499009	8026.526722671021	0.004705182	2.85
10713.588012615077	2850	36.042582454234854	0.0	1427478	12187.998121183828	0.004705182	2.85
10721.690568746637	2850	31.94002632267487	0.0	1402287	8102.5561315599825	0.28532192	2.85
10727.97113366752	2850	29.659461401792598	0.0	1339500	6280.564920882276	0.0084004635	2.85
10739.02850290519	2850	22.602092164122375	0.0	1527299	11057.369237670218	0.004705182	2.85
10752.537458698256	2850	13.093136371057314	0.0	1343002	13508.955793065063	0.71683514	2.85
10755.566018855941	1200	14.064576213373359	0.0	634861	3028.5601576839554	0.010576026	-0.44999999999999996
10758.347304306762	1200	15.283290762551427	0.0	630203	2781.2854508219307	0.004705182	1.2
10761.300913035144	1200	16.329682034170627	0.0	638661	2953.6087283807997	0.004705182	1.2
10765.045551150059	1200	16.585043919254407	0.0	538612	3744.638114916223	0.005255477	1.2
10770.437794155796	1200	15.1928009135183	0.0	550906	5392.243005736107	0.004705182	1.2

