6189.91484023744	750	4.0	1.464606764188326	450283	1464.606764188326	0.004705182	-5.547809086009802
6191.149826432967	750	6.765013804474078	0.0	398865	1234.9861955259219	0.004705182	0.75
6192.338930275384	750	9.575909962056157	0.0	350812	1189.1038424179214	0.004705182	0.75
6193.795774521662	750	12.119065715778481	0.0	382355	1456.8442462776757	0.0047822753	0.75
6195.153637105938	750	14.761203131501947	0.0	411561	1357.8625842765346	0.015073017	0.75
6196.172436034194	750	17.742404203245563	0.0	318564	1018.7989282563871	0.2548155	0.75
6197.370452674933	750	20.54438756250628	0.0	352642	1198.0166407392835	0.55621153	0.75
6199.643945738751	1200	22.270894498688875	0.0	709534	2273.4930638174064	0.6367918	0.75
6201.445664046386	1200	24.469176191053958	0.0	584846	1801.7183076349177	0.007814311	1.2
6203.17756935666	1200	26.73727088078035	0.0	560821	1731.9053102736052	0.0047705006	1.2
6205.7169776973	1200	28.197862540139596	0.0	607410	2539.4083406407567	0.004705182	1.2
6208.2101788978325	1200	29.704661339607032	0.0	594078	2493.2012005325623	0.005244394	1.2
6210.206229778541	1200	31.708610458899653	0.0	624282	1996.0508807073802	0.0049520745	1.2
6212.340169788605	1200	33.57467044883502	0.0	687371	2133.9400100646326	0.004705182	1.2
6214.134296921414	1200	35.780543316026545	0.0	526950	1794.127132808475	0.005299476	1.2
6216.170206504948	1200	37.744633732492595	0.0	587876	2035.9095835339547	0.0050042337	1.2
6218.622587737913	1200	39.292252499526946	0.0	617242	2452.381232965642	0.0072524436	1.2
6222.03632189722	1200	39.878518340220296	0.0	581493	3413.7341593066512	0.008352964	1.2
6226.818087446155	1200	39.09675279128521	0.0	639204	4781.765548935089	0.004705182	1.2
6229.253118318953	1200	40.661721918487665	0.0	586839	2435.0308727975394	0.005004127	1.2
6231.896083651986	1200	42.01875658545424	0.0	601738	2642.9653330334245	0.004705182	1.2
6234.2775350608035	1200	43.637305176636474	0.0	616206	2381.451408817768	0.004705182	1.2
6237.155235224199	1200	44.75960501324119	0.0	656471	2877.700163395286	0.0065225973	1.2
6240.026144437979	1200	45.88869579946075	0.0	536667	2870.9092137804396	0.012260362	1.2
6242.388633193376	1200	47.52620704406338	0.0	587236	2362.4887553973667	0.006880048	1.2
6244.8921490866105	1200	49.02269115082968	0.0	590335	2503.515893233711	0.018302782	1.2
6247.909045361667	1200	50.00579487577322	0.0	696376	3016.89627505646	0.04099801	1.2
6252.866174237474	2850	49.048665999966026	0.0	1141971	4957.128875807191	0.76422876	1.2000000000000002
6258.757562575001	2850	47.157277662438766	0.0	1498470	5891.388337527264	0.004705182	2.85
6264.556694853594	2850	45.35814538384539	0.0	1561263	5799.132278593377	0.004705182	2.85
6269.834318821814	2850	44.080521415626116	0.0	1341201	5277.623968219273	0.004705182	2.85
6275.30351134276	2850	42.61132889468025	0.0	1497683	5469.19252094586	0.004705182	2.85
6280.290082996517	2850	41.62475724092308	0.0	1358081	4986.57165375717	0.004705182	2.85
6290.191627600875	2850	35.72321263656571	0.0	1587293	9901.544604357368	0.004705182	2.85
6298.066125376595	2850	31.848714860845472	0.0	1492672	7874.497775720234	0.0047128103	2.85
6310.9381528673375	2850	22.9766873701027	0.0	1439896	12872.027490742772	0.004705182	2.85
6315.312146397021	1200	22.602693840419903	0.0	487812	4373.993529682798	0.004734861	-0.44999999999999996
6318.915638991896	1200	22.999201245544313	0.0	575591	3603.492594875587	0.004705182	1.2
6322.56647124311	1200	23.348368994330446	0.0	605884	3650.83225121387	0.004705182	1.2
6325.804762927914	1200	24.110077309526254	0.0	587506	3238.2916848041878	0.004705182	1.2
6329.145925912947	1200	24.76891432449265	0.0	566904	3341.162985033608	0.004705182	1.2
6333.249886788258	1200	24.664953449182395	0.0	641452	4103.960875310257	0.005614866	1.2
6337.154552975488	1200	24.7602872619515	0.0	599477	3904.6661872308946	0.004705182	1.2
6341.220256585716	1200	24.69458365172268	0.0	634861	4065.7036102288175	0.004705182	1.2
6344.998704465841	1200	24.91613577159838	0.0	630203	3778.447880124302	0.010460657	1.2
6356.032111356034	1200	17.8827288814053	0.0	638661	11033.40689019308	0.019030014	1.2
6360.645008359408	750	17.269831878031493	0.0	331053	4612.897003373809	0.17520744	0.3
6368.881314778844	750	13.033525458595497	0.0	314107	8236.306419435994	0.08051211	0.75

