4927.028066037393	750	4.0	2.148641230861048	450283	2148.641230861048	0.05813178	-8.489157292702506
4929.396918973344	750	5.631147064048715	0.0	398865	2368.8529359512845	0.004705182	0.75
4931.243948085509	750	7.784117951883809	0.0	350812	1847.0291121649057	0.013584086	0.75
4935.039040434343	750	7.989025603048906	0.0	382355	3795.092348834903	0.060510326	0.75
4937.780819358661	750	9.247246678731766	0.0	411561	2741.7789243171396	0.69682443	0.75
4939.237304330826	750	11.790761706567084	0.0	318564	1456.4849721646824	0.09326521	0.75
4940.964850090868	750	14.063215946525496	0.0	352642	1727.5457600415875	0.063461356	0.75
4943.124227139538	750	15.903838897855946	0.0	437162	2159.377048669549	0.15467283	0.75
4945.884728475942	750	17.143337561450597	0.0	374758	2760.501336405351	0.054588564	0.75
4947.564888324447	750	19.46317771294603	0.0	362795	1680.1598485045658	0.46380854	0.75
4949.069849332066	750	21.95821670532684	0.0	353220	1504.9610076191898	0.02113861	0.75
4950.933820964253	750	24.094245073140474	0.0	405134	1863.9716321863682	0.0062261275	0.75
4952.53076011107	750	26.49730592632275	0.0	386351	1596.939146817729	0.0105308825	0.75
4954.519664535651	750	28.50840150174166	0.0	434409	1988.9044245810865	0.14774728	0.75
4956.314784455703	750	30.71328158168932	0.0	337059	1795.1199200523388	0.38289657	0.75
4957.712859040682	750	33.31520699671055	0.0	366214	1398.0745849787684	0.13899073	0.75
4960.261784774765	1200	34.766281262627395	0.0	617242	2548.9257340831514	0.29410368	0.75
4963.2404545855015	1200	35.78761145189111	0.0	581493	2978.6698107362836	0.004705182	1.2
4965.94634632369	1200	37.08171971370382	0.0	639204	2705.891738187294	0.005151009	1.2
4968.583759720543	1200	38.44430631685113	0.0	586839	2637.413396852679	0.004705182	1.2
4971.094565579277	1200	39.933500458117024	0.0	601738	2510.8058587341184	0.004705182	1.2
4975.08484677268	1200	39.94321926471357	0.0	616206	3990.2811934034544	0.004705182	1.2
4979.563747720431	1200	39.46431831696259	0.0	656471	4478.900947750974	0.004705182	1.2
4981.897477985982	1200	41.13058805141112	0.0	536667	2333.7302655514754	0.004705182	1.2
4983.903871214646	1200	43.12419482274735	0.0	587236	2006.3932286637726	0.004705182	1.2
4985.613539446883	1200	45.414526590510555	0.0	590335	1709.668232236791	0.012876239	1.2
4993.285929371162	2850	41.74213666623165	0.0	1547572	7672.389924278902	0.718146	1.2000000000000002
4997.381916125002	2850	41.64614991239033	0.0	1141971	4095.9867538413228	0.004705182	2.85
5002.9013844429055	2850	40.126681594487096	0.0	1498470	5519.468317903231	0.004705182	2.85
5012.5787433961605	2850	34.449322641232364	0.0	1561263	9677.358953254732	0.004705182	2.85
5023.087098741703	2850	27.94096729568954	0.0	1341201	10508.355345542826	0.116751835	2.85
5029.307544958828	1200	25.7205210785641	0.0	620283	6220.446217125439	0.005435237	-0.44999999999999996
5038.256532152379	1200	20.771533885013255	0.0	584349	8948.987193550845	0.0053754034	1.2
5041.438391922578	1200	21.589674114813718	0.0	670129	3181.8597701995336	0.53646696	1.2
5044.182294688368	1200	22.845771349024446	0.0	690253	2743.9027657892725	0.004705182	1.2
5045.843372487432	1200	25.184693549959494	0.0	598727	1661.0777990649517	0.004705182	1.2
5050.394249973784	1200	24.633816063607384	0.0	487812	4550.877486352109	0.7158239	1.2
5054.740639950504	1200	24.287426086886917	0.0	575591	4346.389976720469	0.004705182	1.2
5056.409733856559	1200	26.618332180832457	0.0	605884	1669.0939060544576	0.004705182	1.2
5059.991358099614	2850	27.036707937776583	0.0	1402287	3581.624243055873	0.43105033	1.2000000000000002
5063.356247369534	2850	27.671818667857586	0.0	1339500	3364.8892699189983	0.084715575	2.85
5068.5111754304035	2850	26.51689060698778	0.0	1527299	5154.928060869811	0.62809205	2.85
5082.589774653926	2850	16.43829138346564	0.0	1343002	14078.599223522138	0.16545075	2.85
5091.1447775511115	1200	11.883288486279083	0.0	634861	8555.002897186556	0.63354284	-0.44999999999999996
5100.490581216236	750	6.537484821155209	0.0	398987	9345.803665123874	0.5806746	0.3
5101.873653339774	300	9.154412697616582	0.0	160064	1383.0721235386268	0.004705182	-0.15000000000000002
5104.0220379328275	750	11.006028104564033	0.0	331053	2148.3845930525504	0.39676428	0.3
5106.750946444907	1200	12.277119592485342	0.0	550906	2728.9085120786917	0.61558837	0.75

