18203.134378906947	750	4.0	4.39150033291431	450283	4391.50033291431	0.11720719	-18.133451431531533
18204.5203586635	300	6.61402024344835	0.0	155580	1385.979756551649	0.06592479	-0.15000000000000002
18205.81627855626	300	9.31810035068476	0.0	139857	1295.91989276359	0.094457164	0.3
18207.17156946212	300	11.96280944482504	0.0	155432	1355.2909058597209	0.007410029	0.3
18208.281114105135	300	14.853264801810942	0.0	163442	1109.5446430140978	0.06973055	0.3
18209.230673559618	300	17.903705347327072	0.0	126289	949.5594544838722	0.36183918	0.3
18210.2165175658	300	20.917861341140917	0.0	153295	985.8440061861529	0.06498306	0.3
18211.409149988453	300	23.725228918489183	0.0	173849	1192.6324226517363	0.12129447	0.3
18212.479626887547	300	26.65475201939448	0.0	150710	1070.476899094701	0.24316056	0.3
18213.44534202573	300	29.689036881212402	0.0	139105	965.7151381820764	0.48774284	0.3
18214.37390957617	300	32.760469330773624	0.0	141840	928.5675504387813	0.65169734	0.3
18216.982208556627	750	34.152170350317306	0.0	405134	2608.298980456323	0.43796995	0.3
18219.78084990063	750	35.3535290063105	0.0	386351	2798.6413440068036	0.004763825	0.75
18222.87632117774	750	36.25805772920338	0.0	434409	3095.471277107128	0.004705182	0.75
18225.218832707444	750	37.915546199499104	0.0	337059	2342.511529704272	0.0054897177	0.75
18227.696974456365	750	39.43740445057473	0.0	366214	2478.141748924378	0.0072130053	0.75
18229.927311010655	750	41.2070678962876	0.0	360831	2230.3365542871347	0.0135183735	0.75
18231.88910284047	750	43.24527606647406	0.0	372963	1961.7918298135362	0.08941514	0.75
18234.39527069978	750	44.73910820716175	0.0	405596	2506.167859312314	0.67207205	0.75
18236.709500164645	750	46.42487874229643	0.0	350713	2314.229464865322	0.69421566	0.75
18239.38352927155	750	47.75084963539541	0.0	386472	2674.0291069010204	0.6745553	0.75
18243.29555077077	1200	47.838828136170655	0.0	616206	3912.0214992247597	0.5537406	0.75
18247.5595683813	1200	47.574810525639464	0.0	656471	4264.017610531189	0.005549608	1.2
18251.64328724007	1200	47.491091666872045	0.0	536667	4083.71885876742	0.004705182	1.2
18256.241376700924	1200	46.893002206020256	0.0	587236	4598.089460851793	0.0053496887	1.2
18260.641043831685	1200	46.49333507525924	0.0	590335	4399.6671307610195	0.005034826	1.2
18266.67724133521	1200	44.45713757173341	0.0	696376	6036.19750352583	0.004705182	1.2
18269.68305015987	1200	45.45132874706996	0.0	487160	3005.808824663451	0.0050817137	1.2
18273.801157465194	1200	45.333221441747135	0.0	622896	4118.107305322823	0.004705182	1.2
18278.56070205356	1200	44.573676853377954	0.0	641447	4759.544588369182	0.004705182	1.2
18284.69455681125	1200	42.43982209568874	0.0	570392	6133.854757689213	0.004705182	1.2
18295.316321370647	1200	35.81805753629162	0.0	620283	10621.76455939712	0.005226934	1.2
18306.592496344303	1200	28.541882562634534	0.0	584349	11276.174973657087	0.2771221	1.2
18311.445314374367	750	27.689064532572846	0.0	412837	4852.818030061688	0.4306827	0.3
18314.769373835832	750	28.365005071105436	0.0	401088	3324.0594614674137	0.010613143	0.75
18317.581926079747	750	29.552452827191548	0.0	365161	2812.5522439138867	0.10561038	0.75
18322.304838812342	1200	28.82954009459404	0.0	487812	4722.912732597505	0.68844926	0.75
18327.511946707218	1200	27.62243219971747	0.0	575591	5207.107894876573	0.09528394	1.2
18333.65900329219	1200	25.475375614747005	0.0	605884	6147.056584970466	0.053151067	1.2
18340.095909344607	1200	23.03846956232843	0.0	587506	6436.906052418574	0.14516897	1.2
18347.561542153137	1200	19.572836753798327	0.0	566904	7465.632808530104	0.4394006	1.2
18352.16630622013	1200	18.968072686803563	0.0	641452	4604.764066994767	0.6719565	1.2
18356.59916022554	1200	18.53521868139345	0.0	599477	4432.854005410115	0.042521853	1.2
18361.74157528414	1200	17.392803622791508	0.0	634861	5142.415058601943	0.020680992	1.2
18368.487412227387	1200	14.646966679545905	0.0	630203	6745.836943245602	0.024697244	1.2
18372.46657093534	1200	14.667807971596105	0.0	638661	3979.158707949801	0.57275754	1.2
18375.96088874755	1200	15.173490159382865	0.0	538612	3494.3178122132394	0.0077191037	1.2
18379.206315363117	1200	15.928063543818704	0.0	550906	3245.4266155641617	0.010924201	1.2

