19671.017759224538	750	4.0	6.308048004947866	450283	6308.0480049478665	0.0105619095	-26.374606421275825
19674.047416934493	300	4.9703422900424306	0.0	155580	3029.6577099575693	0.004705182	-0.15000000000000002
19675.654995453522	300	7.362763771014124	0.0	139857	1607.5785190283066	0.004705182	0.3
19677.615935324997	300	9.401823899538504	0.0	155432	1960.9398714756198	0.004705182	0.3
19680.009341515342	300	11.008417709192697	0.0	163442	2393.406190345805	0.004705182	0.3
19681.443990225463	300	13.573768999071778	0.0	126289	1434.6487101209204	0.007057402	0.3
19682.92291073488	300	16.094848489656087	0.0	153295	1478.92050941569	0.004705182	0.3
19684.82725993682	300	18.19049928771505	0.0	173849	1904.3492019410367	0.004705182	0.3
19687.64223960949	300	19.375519615043814	0.0	150710	2814.9796726712366	0.004705182	0.3
19689.960815749648	300	21.05694347488586	0.0	139105	2318.5761401579553	0.004705182	0.3
19692.599578650792	300	22.418180573743452	0.0	141840	2638.762901142407	0.004731777	0.3
19696.048059665492	300	22.96969955904212	0.0	156148	3448.48101470133	0.004705182	0.3
19699.11182275906	300	23.90593646547795	0.0	160746	3063.763093564172	0.004705182	0.3
19701.901104683413	300	25.116654541123705	0.0	179801	2789.2819243542426	0.004705182	0.3
19703.564021963102	300	27.453737261438516	0.0	140051	1662.9172796851883	0.0055498667	0.3
19704.84366558451	300	30.174093640027746	0.0	138313	1279.6436214107712	0.009349842	0.3
19709.292488151787	750	29.725271072755103	0.0	360831	4448.822567272646	0.07564063	0.3
19712.020295995535	300	30.997463229007213	0.0	150616	2727.8078437478916	0.5152222	-0.15000000000000002
19713.97311115038	300	33.04464807416129	0.0	165384	1952.815154845924	0.1278096	0.3
19715.108099453602	300	35.9096597709383	0.0	140881	1134.98830322299	0.6764229	0.3
19717.874741246822	750	37.14301797771754	0.0	386472	2766.641793220758	0.21695223	0.3
19720.44720236808	750	38.57055685646163	0.0	399894	2572.461121255917	0.0052300985	0.75
19724.163967032764	750	38.853792191776925	0.0	401853	3716.764664684696	0.022879101	0.75
19727.674687704217	750	39.34307152032535	0.0	343800	3510.7206714515805	0.0147633925	0.75
19730.581084391757	750	40.436674832785066	0.0	359903	2906.396687540287	0.012179099	0.75
19733.792218061	750	41.22554116354248	0.0	379700	3211.133669242586	0.07481122	0.75
19737.084360957557	750	41.93339826698856	0.0	425781	3292.1428965539203	0.14646439	0.75
19740.337738317507	1200	42.680020907037495	0.0	487160	3253.3773599510655	0.67254746	0.75
19745.30066010055	1200	41.717099123994565	0.0	622896	4962.921783042923	0.007816781	1.2
19750.06130779524	1200	40.956451429303144	0.0	641447	4760.647694691417	0.008656538	1.2
19755.40667200468	1200	39.61108721986527	0.0	570392	5345.364209437881	0.005424571	1.2
19760.773556501757	1200	38.2442027227872	0.0	620283	5366.884497078063	0.011361221	1.2
19765.567273825945	1200	37.450485398597316	0.0	584349	4793.7173241898845	0.007251318	1.2
19770.981865895712	1200	36.03589332883381	0.0	670129	5414.592069763507	0.0061739134	1.2
19775.55048747097	1200	35.467271753573364	0.0	690253	4568.621575260448	0.004849391	1.2
19779.65941335261	1200	35.35834587193503	0.0	598727	4108.925881638326	0.004705182	1.2
19783.52277020956	1200	35.49498901498273	0.0	487812	3863.356856952305	0.004705182	1.2
19788.206658426334	1200	34.81110079821088	0.0	575591	4683.888216771848	0.004705182	1.2
19793.016328551694	1200	34.00143067284837	0.0	605884	4809.670125362508	0.004705182	1.2
19797.92475733705	1200	33.09300188749573	0.0	587506	4908.428785352636	0.004705182	1.2
19803.306304451966	1200	31.711454772580172	0.0	566904	5381.547114915559	0.004705182	1.2
19809.52484722122	1200	29.492912003327287	0.0	641452	6218.542769252882	0.004705182	1.2
19819.17995019565	1200	23.837809028895702	0.0	599477	9655.102974431584	0.004705182	1.2
19829.24736602	1200	17.77039320454157	0.0	634861	10067.415824354131	0.26668268	1.2
19835.499120538363	750	15.518638686181683	0.0	398987	6251.7545183598895	0.36666265	0.3
19840.274807492427	750	14.7429517321161	0.0	393804	4775.686954065582	0.0053238696	0.75
19842.923277009013	750	16.094482215530533	0.0	331053	2648.4695165855665	0.008736326	0.75
19845.05882622907	750	17.958932995474783	0.0	314107	2135.5492200557537	0.14226092	0.75

