11135.984522570137	750	4.0	3.998697299309292	450283	3998.697299309292	0.0047147176	-16.444398387029956
11137.366501163224	300	6.61802140691262	0.0	155580	1381.9785930873804	0.25398898	-0.15000000000000002
11138.805845863168	300	9.178676706968677	0.0	139857	1439.3446999439418	0.15172698	0.3
11140.09557629925	300	11.888946270885826	0.0	155432	1289.730436082851	0.007185309	0.3
11141.330992599324	300	14.65352997081187	0.0	163442	1235.416300073955	0.11741848	0.3
11142.323580065427	300	17.66094250470829	0.0	126289	992.5874661035782	0.2583505	0.3
11144.18071297915	300	19.80380959098419	0.0	153295	1857.1329137241003	0.05114933	0.3
11148.648130113837	300	19.336392456296576	0.0	173849	4467.417134687614	0.015190354	0.3
11152.419294001153	300	19.565228568982885	0.0	150710	3771.1638873136912	0.004705182	0.3
11155.530700034527	300	20.45382253560794	0.0	139105	3111.406033374943	0.004705182	0.3
11158.107252490692	300	21.877270079444056	0.0	141840	2576.5524561638845	0.004705182	0.3
11160.281597993357	300	23.702924576779598	0.0	156148	2174.34550266446	0.004705182	0.3
11162.445587747005	300	25.538934823132234	0.0	160746	2163.9897536473645	0.004705182	0.3
11165.043311081361	300	26.94121148877566	0.0	179801	2597.7233343565717	0.0049088807	0.3
11167.000787206713	300	28.983735363424408	0.0	140051	1957.4761253512545	0.005476492	0.3
11168.635979091474	300	31.348543478662627	0.0	138313	1635.1918847617796	0.012478148	0.3
11170.327261055947	300	33.65726151419023	0.0	143509	1691.2819644723907	0.06773949	0.3
11172.375037735652	300	35.60948483448437	0.0	150616	2047.776679705863	0.20965506	0.3
11174.529866675592	300	37.454655894546136	0.0	165384	2154.8289399382365	0.48797372	0.3
11177.71044436315	750	38.274078206985614	0.0	350713	3180.5776875605256	0.5786776	0.3
11181.873852781811	750	38.11066978832515	0.0	386472	4163.408418660467	0.004705182	0.75
11185.074069737353	750	38.910452832785275	0.0	399894	3200.216955539869	0.004705182	0.75
11189.373262626463	750	38.61125994367417	0.0	401853	4299.192889111102	0.0057636304	0.75
11193.141702321096	750	38.84282024904184	0.0	343800	3768.439694632332	0.0053002434	0.75
11196.876060058381	750	39.108462511756606	0.0	359903	3734.3577372852387	0.0061412985	0.75
11200.67145563467	750	39.313066935467404	0.0	379700	3795.3955762891997	0.0090574855	0.75
11205.802115938308	750	38.18240663182914	0.0	425781	5130.660303638264	0.018591868	0.75
11210.235439498974	750	37.74908307116349	0.0	277716	4433.323560665645	0.015529552	0.75
11217.964888813594	750	34.01963375654363	0.0	400396	7729.449314619866	0.005095605	0.75
11223.312288572164	750	32.672233997973414	0.0	400508	5347.399758570211	0.004705182	0.75
11228.023371110718	750	31.96115145942045	0.0	358218	4711.082538552967	0.004705182	0.75
11234.153400112858	750	29.831122457279687	0.0	400322	6130.029002140765	0.004705182	0.75
11238.397785249148	750	29.586737320990252	0.0	369834	4244.385136289434	0.004705182	0.75
11242.701905875874	750	29.282616694262774	0.0	412837	4304.120626727474	0.006173549	0.75
11246.439511477345	750	29.545011092792176	0.0	401088	3737.6056014705987	0.011885386	0.75
11249.398586293646	750	30.58593627649195	0.0	365161	2959.0748163002277	0.04903947	0.75
11253.37434586518	750	30.610176704956917	0.0	321064	3975.7595715350335	0.32713342	0.75
11258.955704181124	750	29.028818389014415	0.0	361565	5581.358315942503	0.05708789	0.75
11262.709935124622	750	29.27458744551652	0.0	378327	3754.230943497892	0.020485155	0.75
11265.637522931087	750	30.346999639050466	0.0	390680	2927.5878064660537	0.19212747	0.75
11269.578321024424	1200	30.406201545713635	0.0	566904	3940.798093336831	0.6567486	0.75
11273.609565339644	1200	30.374957230496133	0.0	641452	4031.244315217503	0.0055425623	1.2
11278.68574169163	1200	29.298780878510232	0.0	599477	5076.1763519859005	0.006533851	1.2
11283.44867675822	1200	28.535845811919316	0.0	634861	4762.935066590914	0.004705182	1.2
11288.481830005945	1200	27.502692564194163	0.0	630203	5033.153247725153	0.0056555714	1.2
11294.330288606741	1200	25.654233963399292	0.0	638661	5848.458600794872	0.0048335744	1.2
11298.470982624765	1200	25.5135399453743	0.0	538612	4140.69401802499	0.00471436	1.2
11302.312559159995	1200	25.67196341014561	0.0	550906	3841.576535228689	0.004705182	1.2

