1738.2984674210609	750	4.0	1.5754002818435975	450283	1575.4002818435974	0.004705182	-6.024221211927469
1740.118741527236	750	6.179725893824993	0.0	398865	1820.2741061750069	0.004705182	0.75
1741.2016733577514	750	9.09679406330946	0.0	350812	1082.9318305155325	0.004705182	0.75
1742.6272894787262	750	11.671177942334614	0.0	382355	1425.616120974846	0.0051786005	0.75
1744.5720195071613	750	13.726447913899609	0.0	411561	1944.7300284350058	0.0064410907	0.75
1746.1234483332094	750	16.175019087851577	0.0	318564	1551.428826048032	0.004813356	0.75
1748.1753921217608	750	18.1230752993004	0.0	352642	2051.943788551176	0.0068080574	0.75
1751.123828323938	750	19.174639097123105	0.0	437162	2948.436202177294	0.019753158	0.75
1755.578905528194	750	18.719561892867294	0.0	374758	4455.077204255812	0.04597623	0.75
1758.1207592945154	750	20.177708126545735	0.0	362795	2541.8537663215566	0.64632714	0.75
1759.8697109190534	750	22.428756502007595	0.0	353220	1748.951624538137	0.32764372	0.75
1761.7533797194724	750	24.545087701588628	0.0	405134	1883.6688004189662	0.018564792	0.75
1763.8052608294472	750	26.49320659161378	0.0	386351	2051.881109974851	0.0060609984	0.75
1766.2407910333206	750	28.0576763877405	0.0	434409	2435.5302038732807	0.0050987396	0.75
1767.8131205362013	750	30.485346884859997	0.0	337059	1572.329502880505	0.007111187	0.75
1769.5171457480305	750	32.781321673030604	0.0	366214	1704.0252118293972	0.056216292	0.75
1771.3057174278856	750	34.99274999317563	0.0	360831	1788.571679854968	0.26016444	0.75
1773.0410099602009	750	37.25745746086029	0.0	372963	1735.292532315349	0.66636896	0.75
1776.805997334936	1200	37.49247008612516	0.0	639204	3764.987374735126	0.27748507	0.75
1779.7370678955367	1200	38.56139952552437	0.0	586839	2931.0705606007887	0.012784756	1.2
1782.5825785855272	1200	39.715888835533896	0.0	601738	2845.510689990477	0.0049074916	1.2
1785.879463065338	1200	40.41900435572288	0.0	616206	3296.884479811008	0.004705182	1.2
1789.9273031022835	1200	40.37116431877754	0.0	656471	4047.8400369453475	0.004705182	1.2
1792.852638103905	1200	41.44582931715582	0.0	536667	2925.335001621725	0.004705182	1.2
1795.6339088224208	1200	42.66455859864019	0.0	587236	2781.270718515625	0.004705182	1.2
1798.2925626579836	1200	44.00590476307743	0.0	590335	2658.6538355627613	0.004705182	1.2
1802.0130018974064	1200	44.285465523654686	0.0	696376	3720.439239422742	0.0056891697	1.2
1804.5087017929632	1200	45.78976562809785	0.0	487160	2495.6998955568415	0.009663482	1.2
1807.321503037511	1200	46.97696438354983	0.0	622896	2812.8012445480194	0.010866154	1.2
1810.0286649616876	1200	48.269802459373345	0.0	641447	2707.161924176485	0.02833793	1.2
1816.4795460360376	2850	45.81892138502333	0.0	1341201	6450.881074350017	0.46194455	1.2000000000000002
1824.9341186008496	2850	41.36434882021149	0.0	1497683	8454.572564811837	0.004705182	2.85
1831.1652485804382	2850	39.133218840622916	0.0	1358081	6231.129979588571	0.004705182	2.85
1837.4228347664916	2850	36.87563265456943	0.0	1587293	6257.586186053488	0.004705182	2.85
1846.132006484738	2850	32.16646093632278	0.0	1492672	8709.171718246651	0.004705182	2.85
1853.3285128520995	2850	28.969954568961416	0.0	1439896	7196.506367361362	0.005558852	2.85
1859.5823087319782	2850	26.716158689082825	0.0	1139291	6253.795879878592	0.004705182	2.85
1867.4267642033699	2850	22.871703217691103	0.0	1499009	7844.455471391725	0.004705182	2.85
1873.325956209871	2850	20.972511211189858	0.0	1427478	5899.192006501247	0.0048651043	2.85
1882.9957704573678	2850	15.302696963693057	0.0	1402287	9669.814247496799	0.004705182	2.85
1886.4153645182585	1200	15.883102902802527	0.0	566904	3419.5940608905294	0.040732775	-0.44999999999999996
1889.3241659974435	1200	16.9743014236176	0.0	641452	2908.801479184929	0.004705182	1.2
1893.2625445014382	1200	17.035922919622884	0.0	599477	3938.378503994712	0.004705182	1.2
1895.623395953151	1200	18.675071467910122	0.0	634861	2360.851451712764	0.004705182	1.2
1899.4852194082544	1200	18.813248012806646	0.0	630203	3861.8234551034775	0.19056003	1.2
1904.0084346006533	1200	18.290032820407564	0.0	638661	4523.2151923990805	0.00982023	1.2
1906.4645214768893	1200	19.83394594417168	0.0	538612	2456.0868762358796	0.006223108	1.2
1908.441072005531	1200	21.857395415529933	0.0	550906	1976.5505286417497	0.02642465	1.2

