17836.43153799662	750	4.0	5.8396300502769165	450283	5839.630050276916	0.017463824	-24.36040921619074
17838.671756372365	300	5.759781624254254	0.0	155580	2240.2183757457465	0.004705182	-0.15000000000000002
17840.099848206573	300	8.331689790048644	0.0	139857	1428.0918342056093	0.004705182	0.3
17841.443107104027	300	10.988430892596813	0.0	155432	1343.2588974518294	0.004705182	0.3
17842.875444012447	300	13.556093984173181	0.0	163442	1432.3369084236328	0.015599579	0.3
17844.076871189947	300	16.354666806674782	0.0	126289	1201.4271774984013	0.05847675	0.3
17845.482078774305	300	18.949459222321135	0.0	153295	1405.2075843536431	0.007944255	0.3
17847.2329399156	300	21.198598081024983	0.0	173849	1750.861141296156	0.010327961	0.3
17848.835466530327	300	23.596071466298095	0.0	150710	1602.526614726884	0.013474209	0.3
17850.204688600767	300	26.226849395859162	0.0	139105	1369.2220704389356	0.03399356	0.3
17851.4846818197	300	28.946856176927316	0.0	141840	1279.9932189318474	0.06852016	0.3
17853.11245803528	300	31.319079961349097	0.0	156148	1627.776215578218	0.15611063	0.3
17854.73274639018	300	33.69879160645065	0.0	160746	1620.2883548984455	0.22187388	0.3
17856.520154260743	300	35.91138373588628	0.0	179801	1787.4078705643653	0.5734987	0.3
17857.882314168342	300	38.54922382828712	0.0	140051	1362.1599075991587	0.61234355	0.3
17861.20749681766	750	39.22404117896837	0.0	366214	3325.1826493187486	0.28558627	0.3
17865.381477829993	750	39.05006016663453	0.0	360831	4173.981012333841	0.004705182	0.75
17869.072719954624	750	39.358818042001126	0.0	372963	3691.2421246334065	0.004705182	0.75
17872.57380790205	750	39.85773009457508	0.0	405596	3501.0879474260455	0.004705182	0.75
17876.69205919032	750	39.73947880630174	0.0	350713	4118.25128827334	0.004767908	0.75
17882.47811140848	750	37.953426588144595	0.0	386472	5786.052218157145	0.004705182	0.75
17887.377521316033	750	37.05401668059097	0.0	399894	4899.409907553631	0.004705182	0.75
17892.536295538564	750	35.89524245806225	0.0	401853	5158.774222528726	0.004705182	0.75
17898.24052169615	750	34.19101630047536	0.0	343800	5704.226157586885	0.004705182	0.75
17901.87135614594	750	34.56018185068403	0.0	359903	3630.8344497913336	0.004705182	0.75
17906.868985451325	750	33.562552545298374	0.0	379700	4997.629305385655	0.004705182	0.75
17913.791733270453	750	30.639804726171167	0.0	425781	6922.747819127201	0.004705182	0.75
17915.947460936095	750	32.48407706052656	0.0	277716	2155.7276656446097	0.004705182	0.75
17918.68906030523	750	33.742477691391265	0.0	400396	2741.5993691352946	0.008935917	0.75
17921.71901661203	750	34.712521384591476	0.0	400508	3029.9563067997883	0.08172075	0.75
17924.307789276976	750	36.123748719646564	0.0	358218	2588.772664944911	0.21298835	0.75
17928.63634966092	1200	35.79518833570489	0.0	620283	4328.560383941672	0.6197175	0.75
17933.134281040595	1200	35.29725695602894	0.0	584349	4497.931379675948	0.0108477175	1.2
17937.786617367456	1200	34.644920629167906	0.0	670129	4652.336326861036	0.01083342	1.2
17942.945196735393	1200	33.48634126122904	0.0	690253	5158.579367938867	0.006020069	1.2
17947.82475524298	1200	32.606782753645966	0.0	598727	4879.558507583073	0.004707327	1.2
17952.490291092676	1200	31.941246903949317	0.0	487812	4665.535849696652	0.004705182	1.2
17959.98027358462	1200	28.451264412006385	0.0	575591	7489.98249194293	0.008768804	1.2
17964.988662830114	1200	27.442875166512	0.0	605884	5008.389245494387	0.06419133	1.2
17968.860530821687	1200	27.57100717494228	0.0	587506	3871.8679915697176	0.008878816	1.2
17973.883185909825	1200	26.54835208680243	0.0	566904	5022.65508813985	0.004705182	1.2
17979.9955524499	1200	24.435985546731505	0.0	641452	6112.366540070926	0.007083926	1.2
17986.342787523485	1200	22.088750473142237	0.0	599477	6347.23507358927	0.00863231	1.2
17991.831256220757	1200	20.600281775870542	0.0	634861	5488.468697271696	0.029494114	1.2
17997.936254156575	1200	18.495283840053766	0.0	630203	6104.997935816777	0.010952805	1.2
18004.29529065665	1200	16.13624733997967	0.0	638661	6359.036500074097	0.051994905	1.2
18011.568946507043	1200	12.862591489585407	0.0	538612	7273.655850394262	0.07908179	1.2
18017.489386830428	750	10.942151166202322	0.0	314107	5920.440323383086	0.12207588	0.3

