2974.46375144206	750	4.0	4.034106319630938	450283	4034.106319630938	0.6968126	-16.596657174413032
2975.580052780748	300	6.883698661312633	0.0	155580	1116.3013386873674	0.22542363	-0.15000000000000002
2976.5865893894093	300	9.877162052650885	0.0	139857	1006.5366086617488	0.59639543	0.3
2977.5450154374935	300	12.918736004566787	0.0	155432	958.4260480840993	0.049700864	0.3
2978.349123536632	300	16.114627905428325	0.0	163442	804.1080991384632	0.6287912	0.3
2980.223951519423	750	18.23979992263742	0.0	318564	1874.827982790905	0.6003443	0.3
2983.465518634795	750	18.998232807264934	0.0	352642	3241.5671153724893	0.4154888	0.75
2985.9633070761297	750	20.50044436593054	0.0	437162	2497.788441334391	0.66871196	0.75
2987.876630450355	750	22.587120991704744	0.0	374758	1913.3233742257933	0.225197	0.75
2989.639969710252	750	24.823781731808513	0.0	362795	1763.3392598962298	0.060800448	0.75
2991.6968013983924	750	26.766950043667816	0.0	353220	2056.8316881406963	0.016773254	0.75
2994.2626130354715	750	28.201138406588427	0.0	405134	2565.811637079392	0.0089737205	0.75
2996.773882111261	750	29.68986933079877	0.0	386351	2511.2690757896544	0.004731166	0.75
2998.9902434123396	750	31.473508029720502	0.0	434409	2216.3613010782674	0.004705182	0.75
3000.2097921459053	750	34.2539592961546	0.0	337059	1219.5487335659027	0.01667581	0.75
3001.5139944319994	750	36.94975701006059	0.0	366214	1304.2022860940156	0.60060096	0.75
3003.4558005050876	1200	39.00795093697227	0.0	617242	1941.806073088318	0.053093698	0.75
3005.686148986548	1200	40.777602455512316	0.0	581493	2230.3484814599547	0.005119553	1.2
3008.3006853466263	1200	42.163066095433955	0.0	639204	2614.536360078362	0.005012725	1.2
3010.676928013063	1200	43.786823428997366	0.0	586839	2376.2426664365935	0.006695941	1.2
3013.1079431666403	1200	45.35580827542024	0.0	601738	2431.0151535771192	0.0092678955	1.2
3015.4971051045	1200	46.96664633756035	0.0	616206	2389.161937859891	0.017216554	1.2
3018.7274264675084	1200	47.73632497455157	0.0	656471	3230.3213630087776	0.060047403	1.2
3022.360887485105	1200	48.10286395695519	0.0	536667	3633.461017596383	0.036507674	1.2
3025.92342034483	1200	48.540331097230116	0.0	587236	3562.5328597250673	0.0072361473	1.2
3028.164794381776	1200	50.29895706028407	0.0	590335	2241.37403694605	0.006566306	1.2
3030.794067505561	1200	51.66968393649874	0.0	696376	2629.273123785326	0.066420645	1.2
3035.5326485269543	2850	50.93110291510532	0.0	1141971	4738.581021393416	0.6536521	1.2000000000000002
3043.0230745371664	2850	47.44067690489332	0.0	1498470	7490.426010212	0.004705182	2.85
3049.321152285873	2850	45.14259915618656	0.0	1561263	6298.0777487067635	0.004705182	2.85
3053.5187055492447	2850	44.94504589281467	0.0	1341201	4197.55326337189	0.004705182	2.85
3057.1498807686316	2850	45.31387067342803	0.0	1497683	3631.175219386645	0.004705182	2.85
3061.5438088290366	2850	44.919942613023224	0.0	1358081	4393.928060404802	0.007668458	2.85
3066.2338691546597	2850	44.22988228740028	0.0	1587293	4690.0603256229415	0.005199872	2.85
3069.8750967588308	2850	44.58865468322882	0.0	1492672	3641.2276041714667	0.011682679	2.85
3072.947333899585	2850	45.5164175424746	0.0	1439896	3072.2371407542137	0.11174978	2.85
3076.5988558351783	4300	45.8648956068815	0.0	1919781	3651.5219355931067	0.4789593	2.8499999999999996
3081.6021091824173	4300	44.861642259642416	0.0	2147467	5003.253347239078	0.004705182	4.3
3090.154843555576	4300	40.30890788648352	0.0	2133870	8552.734373158903	0.004705182	4.3
3098.058327011675	4300	36.40542443038473	0.0	2146120	7903.4834560987865	0.0047754417	4.3
3102.5502379043955	4300	35.9135135376644	0.0	2108491	4491.910892720324	0.0051804543	4.3
3107.686255866784	4300	34.777495575275765	0.0	2184571	5136.01796238864	0.004705182	4.3
3113.1404622033424	4300	33.32328923871732	0.0	2121928	5454.206336558451	0.004705182	4.3
3119.5795602797957	4300	30.884191162263843	0.0	2219102	6439.098076453477	0.004705182	4.3
3128.1971614346417	4300	26.266590007418316	0.0	2124950	8617.601154845528	0.0048695225	4.3
3136.537316145008	4300	21.926435297051917	0.0	2246506	8340.154710366398	0.05258302	4.3
3144.0545028658416	4300	18.409248576218072	0.0	1961140	7517.186720833846	0.05686675	4.3
3156.424624067216	4300	10.039127374843634	0.0	2155012	12370.121201374439	0.34860945	4.3

