24289.020972855673	750	4.0	3.3429362672757508	450283	3342.9362672757507	0.47299123	-13.624625949285727
24292.051772662213	750	4.96920019346033	0.0	398865	3030.79980653967	0.59135747	0.75
24293.244625660056	300	7.776347195615894	0.0	139857	1192.8529978444371	0.60664165	-0.15000000000000002
24294.473487669195	300	10.547485186474574	0.0	155432	1228.8620091413197	0.01778722	0.3
24295.582379425454	300	13.438593430214086	0.0	163442	1108.8917562604897	0.08129671	0.3
24298.13456975482	750	14.88640310084905	0.0	318564	2552.190329365036	0.64852315	0.3
24299.30468980543	300	17.716283050239024	0.0	153295	1170.1200506100258	0.69680995	-0.15000000000000002
24300.51849418352	300	20.5024786721474	0.0	173849	1213.8043780916234	0.06737192	0.3
24301.45171727116	300	23.569255584509996	0.0	150710	933.223087637406	0.22481881	0.3
24302.177938023462	300	26.843034832208993	0.0	139105	726.2207523010046	0.4210369	0.3
24302.93630336909	300	30.08466948658177	0.0	141840	758.365345627222	0.6954661	0.3
24305.1209179589	750	31.900054896771472	0.0	405134	2184.6145898103005	0.3167906	0.3
24307.562255850153	750	33.458717005521976	0.0	386351	2441.3378912495004	0.007691552	0.75
24309.41337127723	750	35.60760157844024	0.0	434409	1851.1154270817367	0.005986926	0.75
24310.960665350176	750	38.06030750549456	0.0	337059	1547.294072945675	0.42664665	0.75
24312.694326217566	750	40.326646638103824	0.0	366214	1733.6608673907388	0.6700316	0.75
24314.340405768475	750	42.680567087193864	0.0	360831	1646.0795509099614	0.418885	0.75
24316.856674956933	1200	44.16429789873838	0.0	581493	2516.269188455479	0.06487038	0.75
24319.615397050653	1200	45.40557580501693	0.0	639204	2758.7220937214543	0.004705182	1.2
24322.523999757395	1200	46.496973098274886	0.0	586839	2908.6027067420473	0.004705182	1.2
24326.65338616796	1200	46.36758668771247	0.0	601738	4129.386410562425	0.004705182	1.2
24332.297303951804	1200	44.72366890386632	0.0	616206	5643.917783846146	0.004705182	1.2
24339.80961284799	1200	41.211360007682515	0.0	656471	7512.3088961838	0.005936302	1.2
24345.46158811336	1200	39.559384742309206	0.0	536667	5651.975265373308	0.0566113	1.2
24353.02647428252	1200	35.994498573146394	0.0	587236	7564.886169162808	0.20685305	1.2
24359.14107202017	750	33.879900835499676	0.0	379700	6114.597737646717	0.69166887	0.3
24365.299067172975	750	31.721905682695727	0.0	425781	6157.99515280395	0.0053468845	0.75
24366.968276424548	750	34.05269643111962	0.0	277716	1669.2092515761033	0.004927173	0.75
24369.446949374615	750	35.574023481052095	0.0	400396	2478.672950067526	0.2754604	0.75
24371.967929518203	750	37.05304333746539	0.0	400508	2520.980143586702	0.68508	0.75
24374.315709733393	750	38.70526312227589	0.0	358218	2347.7802151895035	0.50126666	0.75
24378.482925813238	1200	38.53804704243121	0.0	620283	4167.21607984468	0.16366117	0.75
24381.653033935105	1200	39.367938920566694	0.0	584349	3170.108121864511	0.004705182	1.2
24385.030307844667	1200	39.99066501100319	0.0	670129	3377.273909563509	0.004705182	1.2
24388.111405120806	1200	40.90956773486849	0.0	690253	3081.09727613469	0.008223443	1.2
24390.84267953542	1200	42.178293320250106	0.0	598727	2731.274414618383	0.0707354	1.2
24396.187268766836	2850	40.833704088838985	0.0	1139291	5344.589231411128	0.7656398	1.2000000000000002
24406.905265939175	2850	34.11570691649671	0.0	1499009	10717.997172342273	0.004705182	2.85
24416.47274571918	1200	28.54822713649239	0.0	605884	9567.47978000432	0.23739262	-0.44999999999999996
24424.59318944691	1200	24.427783408760114	0.0	587506	8120.443727732276	0.0060761776	1.2
24431.822147740997	1200	21.19882511467394	0.0	566904	7228.958294086171	0.02029922	1.2
24439.792068990533	1200	17.2289038651394	0.0	641452	7969.921249534541	0.08762999	1.2
24442.69913832778	750	18.321834527894946	0.0	372093	2907.0693372444553	0.49625275	0.3
24446.06085176205	750	18.960121093622323	0.0	438281	3361.7134342726217	0.6117484	0.75
24448.842102762377	750	20.17887009329365	0.0	398987	2781.251000328669	0.40492198	0.75
24453.61992451124	1200	19.401048344433715	0.0	638661	4777.8217488599375	0.32276073	0.75
24458.22420561797	1200	18.796767237700788	0.0	538612	4604.2811067329285	0.008353895	1.2
24463.354846526214	1200	17.666126329460244	0.0	550906	5130.640908240545	0.02079754	1.2

