12515.855025051244	750	4.0	1.9602828539084163	450283	1960.2828539084162	0.0071265018	-7.67921627180619
12518.03971317001	750	5.815311881233627	0.0	398865	2184.6881187663726	0.004705182	0.75
12519.601224364389	750	8.253800686855161	0.0	350812	1561.5111943784655	0.006084924	0.75
12521.041659563842	750	10.813365487401867	0.0	382355	1440.4351994532958	0.0083841495	0.75
12522.817315321407	750	13.037709729836955	0.0	411561	1775.655757564912	0.004705182	0.75
12524.223221319467	750	15.631803731775761	0.0	318564	1405.9059980611946	0.005300117	0.75
12525.938735772386	750	17.91628927885607	0.0	352642	1715.5144529196882	0.010015061	0.75
12528.380773709108	750	19.47425134213344	0.0	437162	2442.0379367226355	0.015112912	0.75
12529.705306084146	750	22.149718967096195	0.0	374758	1324.5323750372393	0.012653082	0.75
12530.815692786875	750	25.03933226436817	0.0	362795	1110.3867027280235	0.045363836	0.75
12533.096746250501	1200	26.758278800741454	0.0	607410	2281.0534636267175	0.4831788	0.75
12536.343340308216	1200	27.511684743027523	0.0	594078	3246.5940577139286	0.013906781	1.2
12541.57009755083	1200	26.28492750041227	0.0	624282	5226.7572426152565	0.23828864	1.2
12545.38658033514	750	26.468444716101168	0.0	434409	3816.4827843111	0.12504405	0.3
12548.060298049735	750	27.794727001507116	0.0	337059	2673.717714594052	0.0051608826	0.75
12550.998378542097	750	28.85664650914436	0.0	366214	2938.0804923627584	0.0047069695	0.75
12553.944465732186	750	29.910559319057143	0.0	360831	2946.0871900872157	0.004705182	0.75
12557.322369005418	750	30.532656045825064	0.0	372963	3377.903273232079	0.004705182	0.75
12561.390975794664	750	30.464049256578406	0.0	405596	4068.6067892466594	0.004705182	0.75
12564.147762820005	750	31.707262231236843	0.0	350713	2756.7870253415604	0.004705182	0.75
12566.649217443466	750	33.20580760777538	0.0	386472	2501.4546234614622	0.004705182	0.75
12569.169312499476	750	34.68571255176491	0.0	399894	2520.0950560104643	0.008290278	0.75
12570.794708634065	750	37.060316417175386	0.0	401853	1625.3961345895211	0.0364068	0.75
12573.103286160744	1200	38.75173889049881	0.0	536667	2308.5775266765813	0.15439531	0.75
12576.173043288245	1200	39.681981762995186	0.0	587236	3069.7571275036134	0.004705182	1.2
12578.866280655506	1200	40.988744395735864	0.0	590335	2693.2373672593258	0.004705182	1.2
12582.627158023479	1200	41.22786702776236	0.0	696376	3760.8773679735014	0.0047438745	1.2
12585.201749717671	1200	42.65327533356951	0.0	487160	2574.59169419285	0.005805663	1.2
12588.392458303382	1200	43.46256674785822	0.0	622896	3190.708585711291	0.0054884334	1.2
12591.932989441324	1200	43.92203560991676	0.0	641447	3540.531137941453	0.008984044	1.2
12594.413136988596	1200	45.44188806264451	0.0	570392	2480.147547272255	0.01810109	1.2
12597.236351859767	1200	46.618673191474	0.0	620283	2823.214871170507	0.09657052	1.2
12599.892144366639	1200	47.962880684602915	0.0	584349	2655.7925068710797	0.49055666	1.2
12603.137766289636	1200	48.717258761605095	0.0	670129	3245.6219229978233	0.7264743	1.2
12607.586297273243	1200	48.26872777799866	0.0	690253	4448.530983606436	0.49094895	1.2
12614.71581995888	2850	45.13920509236206	0.0	1439896	7129.522685636599	0.48191053	1.2000000000000002
12619.000319417444	2850	44.85470563379503	0.0	1139291	4284.499458567033	0.004705182	2.85
12624.049099076845	2850	43.80592597439615	0.0	1499009	5048.779659398872	0.004705182	2.85
12629.512445478074	2850	42.34257957316743	0.0	1427478	5463.346401228721	0.005981181	2.85
12634.650689624907	2850	41.20433542633368	0.0	1402287	5138.244146833747	0.005496589	2.85
12636.873728635705	2850	42.98129641553733	0.0	1339500	2223.039010796354	0.009461608	2.85
12642.808086042383	4300	41.046939008858004	0.0	2184571	5934.357406679321	0.40754876	2.8499999999999996
12648.704331550915	4300	39.15069350032636	0.0	2121928	5896.245508531638	0.0048478628	4.3
12654.68662212426	4300	37.168402926980924	0.0	2219102	5982.290573345437	0.004705182	4.3
12659.436273854846	4300	36.41875119639552	0.0	2124950	4749.651730585404	0.004705182	4.3
12664.602325148802	4300	35.252699902439865	0.0	2246506	5166.051293955651	0.004705182	4.3
12670.052891174897	4300	33.80213387634548	0.0	1961140	5450.566026094391	0.004705182	4.3
12675.945769096654	4300	31.90925595458845	0.0	2155012	5892.877921757028	0.004705182	4.3

