14281.73195606857	750	4.0	6.819045761582508	450283	6819.045761582508	0.24962638	-28.571896774804785
14283.678931735683	300	6.053024332886424	0.0	155580	1946.975667113577	0.004705182	-0.15000000000000002
14285.21404893999	300	8.517907128580475	0.0	139857	1535.1172043059482	0.004705182	0.3
14286.892010683834	300	10.83994538473521	0.0	155432	1677.9617438452651	0.004705182	0.3
14288.764342333114	300	12.967613735456158	0.0	163442	1872.3316492790518	0.0059330026	0.3
14289.83664899667	300	15.895307071900806	0.0	126289	1072.3066635553523	0.016628515	0.3
14290.98994131882	300	18.742014749751306	0.0	153295	1153.2923221495007	0.006821686	0.3
14292.239540025566	300	21.49241604300466	0.0	173849	1249.598706746645	0.0119312685	0.3
14293.16384401039	300	24.56811205818075	0.0	150710	924.303984823914	0.024096591	0.3
14293.846356677615	300	27.88559939095518	0.0	139105	682.5126672255677	0.30499792	0.3
14295.169712888275	750	30.562243180297518	0.0	353220	1323.356210657661	0.68296105	0.3
14296.953580056654	750	32.77837601191819	0.0	405134	1783.867168379328	0.049435385	0.75
14299.106569152014	750	34.625386916558796	0.0	386351	2152.9890953593967	0.13059843	0.75
14301.150761808482	750	36.581194260092886	0.0	434409	2044.1926564659036	0.09246869	0.75
14303.61525473591	1200	38.11670133266315	0.0	526950	2464.492927429739	0.68467313	0.75
14305.898696094602	1200	39.833259973972574	0.0	587876	2283.441358690582	0.013327406	1.2
14308.387491274128	1200	41.34446479444807	0.0	617242	2488.7951795244926	0.004705182	1.2
14310.826461344257	1200	42.90549472431971	0.0	581493	2438.970070128365	0.004705182	1.2
14313.619927254338	1200	44.11202881423873	0.0	639204	2793.4659100809786	0.004705182	1.2
14316.281177433584	1200	45.45077863499301	0.0	586839	2661.250179245719	0.004705182	1.2
14318.876344744263	1200	46.855611324314474	0.0	601738	2595.1673106785393	0.00505866	1.2
14321.448148521577	1200	48.283807547001864	0.0	616206	2571.803777312605	0.007121092	1.2
14325.111949965043	1200	48.62000610353529	0.0	656471	3663.801443466573	0.013927472	1.2
14335.558167524956	1200	42.173788543621946	0.0	536667	10446.21755991335	0.009023971	1.2
14342.06414899402	1200	39.667807074556244	0.0	587236	6505.981469065699	0.07193764	1.2
14346.074571414663	1200	39.65738465391403	0.0	590335	4010.4224206422155	0.035138216	1.2
14355.661055255016	1200	34.07090081356007	0.0	696376	9586.483840353958	0.008619739	1.2
14360.305380769774	1200	33.42657529880181	0.0	487160	4644.325514758269	0.5446374	1.2
14363.79944619577	1200	33.93250987280579	0.0	622896	3494.0654259960193	0.4304893	1.2
14366.36372731215	1200	35.3682287564266	0.0	641447	2564.281116379187	0.0053460235	1.2
14369.370674809468	1200	36.361281259107166	0.0	570392	3006.9474973194374	0.004705182	1.2
14372.231333464992	1200	37.5006226035846	0.0	620283	2860.658655522562	0.004705182	1.2
14374.712776546512	1200	39.01917952206421	0.0	584349	2481.4430815203914	0.011739038	1.2
14377.351656220022	1200	40.380299848554216	0.0	670129	2638.8796735099963	0.023829633	1.2
14383.617562068572	2850	38.11439400000515	0.0	1492672	6265.905848549064	0.2943315	1.2000000000000002
14389.713638618781	2850	36.01831744979543	0.0	1439896	6096.07655020972	0.004705182	2.85
14399.014739192302	2850	30.717216876275476	0.0	1139291	9301.100573519954	0.0047224937	2.85
14415.62046091801	2850	18.1114951505675	0.0	1499009	16605.72172570798	0.0593205	2.85
14421.815402367973	750	15.91655370060463	0.0	378327	6194.941449962867	0.69745	-1.35
14426.05299080904	750	15.678965259536582	0.0	390680	4237.588441068048	0.057093065	0.75
14429.257947862632	750	16.474008205944273	0.0	345516	3204.9570535923112	0.03501354	0.75
14431.82209766407	750	17.909858404508114	0.0	384505	2564.1498014361573	0.13105354	0.75
14434.19224866721	1200	19.53970740136702	0.0	599477	2370.1510031410953	0.3297923	0.75
14437.347365390853	1200	20.384590677723804	0.0	634861	3155.1167236432143	0.015839953	1.2
14440.304649201458	1200	21.427306867119313	0.0	630203	2957.2838106044924	0.0049314834	1.2
14443.250142028297	1200	22.481814040281794	0.0	638661	2945.4928268375184	0.010012295	1.2
14445.219360921845	1200	24.51259514673281	0.0	538612	1969.2188935489876	0.5161831	1.2
14450.90956852494	2850	22.82238754363728	0.0	1364537	5690.2076030955295	0.060418524	1.2000000000000002

