13747.538616758484	750	4.0	3.704434403261277	450283	3704.4344032612767	0.010187088	-15.17906793402349
13749.996486182652	750	5.542130575831285	0.0	398865	2457.869424168715	0.5797246	0.75
13751.963423524448	750	7.575193234035682	0.0	350812	1966.9373417956033	0.12629107	0.75
13753.877498854265	750	9.66111790421944	0.0	382355	1914.0753298162413	0.5179118	0.75
13756.245629304365	750	11.292987454118826	0.0	411561	2368.130450100615	0.042544983	0.75
13758.229365044683	750	13.309251713799588	0.0	318564	1983.7357403192384	0.042625416	0.75
13760.189347174024	750	15.349269584458296	0.0	352642	1959.9821293412924	0.29625082	0.75
13763.27749869009	750	16.261118068392573	0.0	437162	3088.151516065724	0.26210523	0.75
13765.690506987617	750	17.848109770862976	0.0	374758	2413.0082975295954	0.5661824	0.75
13767.901699351602	750	19.636917406880027	0.0	362795	2211.1923639829483	0.27820596	0.75
13769.874720648602	750	21.663896109879733	0.0	353220	1973.0212970002929	0.13281085	0.75
13771.847845095048	750	23.69077166343346	0.0	405134	1973.1244464462754	0.0388505	0.75
13774.322647040559	750	25.21596971792252	0.0	386351	2474.801945510938	0.00679216	0.75
13776.653824224091	750	26.88479253439028	0.0	434409	2331.1771835322406	0.0066692494	0.75
13778.283221091275	750	29.255395667207946	0.0	337059	1629.3968671823302	0.0060049435	0.75
13780.111409565205	750	31.427207193277372	0.0	366214	1828.1884739305751	0.020264449	0.75
13782.525635115926	1200	33.01298164255658	0.0	617242	2414.225550720787	0.08697784	0.75
13785.469059858622	1200	34.0695568998589	0.0	581493	2943.4247426976785	0.009597907	1.2
13788.086815939409	1200	35.45180081907283	0.0	639204	2617.7560807860755	0.014854125	1.2
13790.484575726316	1200	37.05404103216469	0.0	586839	2397.759786908137	0.004705182	1.2
13792.912671107804	1200	38.62594565067507	0.0	601738	2428.0953814896166	0.004705182	1.2
13795.298080017683	1200	40.24053674079732	0.0	616206	2385.4089098777536	0.004705182	1.2
13798.04089567048	1200	41.497721088000155	0.0	656471	2742.815652797157	0.0064586764	1.2
13800.424233634923	1200	43.11438312355685	0.0	536667	2383.3379644433085	0.014193406	1.2
13802.52889919374	1200	45.00971756473914	0.0	587236	2104.6655588177064	0.013940957	1.2
13804.251660866417	1200	47.28695589206103	0.0	590335	1722.7616726781152	0.164424	1.2
13810.346948198043	2850	45.19166856043452	0.0	1547572	6095.2873316265095	0.037946023	1.2000000000000002
13815.996207723463	2850	43.54240903501394	0.0	1141971	5649.259525420578	0.004705182	2.85
13824.368550743056	2850	39.17006601542058	0.0	1498470	8372.343019593356	0.004705182	2.85
13832.54634216163	2850	34.99227459684707	0.0	1561263	8177.791418573509	0.0053179557	2.85
13840.58397877316	2850	30.954637985317273	0.0	1341201	8037.636611529797	0.009024071	2.85
13848.16620301171	2850	27.37241374676624	0.0	1497683	7582.224238551032	0.3011844	2.85
13854.970645374851	2850	24.567971383624414	0.0	1358081	6804.442363141826	0.046730116	2.85
13863.56160023932	2850	19.977016519156713	0.0	1587293	8590.954864467702	0.036039535	2.85
13870.65922120571	2850	16.87939555276736	0.0	1492672	7097.620966389351	0.70454645	2.85
13875.102166769173	2850	16.436449989304574	0.0	1439896	4442.9455634627875	0.32169044	2.85
13879.038272308251	2850	16.500344450226642	0.0	1139291	3936.10553907793	0.004705182	2.85
13884.380930235897	2850	15.157686522580425	0.0	1499009	5342.657927646219	0.004705182	2.85
13889.943095344392	2850	13.595521414086031	0.0	1427478	5562.165108494393	0.0047455886	2.85
13896.184763591347	2850	11.353853167129053	0.0	1402287	6241.668246956979	0.019845568	2.85
13898.02302606797	1200	13.515590690507441	0.0	566904	1838.2624766216115	0.7275206	-0.44999999999999996
13900.365570261976	1200	15.173046496500739	0.0	641452	2342.544194006703	0.024865601	1.2
13908.401810197374	2850	11.136806561101924	0.0	1343002	8036.239935398813	0.4862663	1.2000000000000002
13911.77853758832	1200	11.760079170156056	0.0	634861	3376.727390945869	0.006065651	-0.44999999999999996
13915.434350918826	1200	12.104265839649628	0.0	630203	3655.813330506427	0.007034812	1.2
13918.277755733883	1200	13.260861024591795	0.0	638661	2843.4048150578333	0.004706612	1.2
13921.33127582929	1200	14.207340929184287	0.0	538612	3053.5200954075085	0.008002588	1.2
13925.01969330676	1200	14.518923451713514	0.0	550906	3688.417477470773	0.004705182	1.2

