23387.751902850858	750	4.0	3.9127276647253035	450283	3912.7276647253034	0.004705182	-16.074728958318804
23389.183495870966	300	6.568406979893699	0.0	155580	1431.593020106301	0.33564594	-0.15000000000000002
23390.349996624263	300	9.401906226594866	0.0	139857	1166.500753298834	0.12889583	0.3
23391.498441952022	300	12.253460898835879	0.0	155432	1148.4453277589848	0.017612457	0.3
23392.631710588084	300	15.120192262777211	0.0	163442	1133.2686360586692	0.26328394	0.3
23394.46683686685	750	17.28506598401304	0.0	318564	1835.1262787641672	0.4349844	0.3
23396.743862091276	750	19.008040759585654	0.0	352642	2277.0252244273875	0.58383167	0.75
23400.63702688655	750	19.11487596431319	0.0	437162	3893.1647952724666	0.6619355	0.75
23404.34850111441	750	19.40340173645145	0.0	374758	3711.4742278617355	0.6287654	0.75
23408.63842742712	750	19.11347542374349	0.0	362795	4289.926312707962	0.56650597	0.75
23410.628139395263	300	21.123763455596446	0.0	141840	1989.7119681470422	0.25783804	-0.15000000000000002
23411.898895120168	300	23.853007730689118	0.0	156148	1270.7557249073286	0.014488521	0.3
23412.895555413943	300	26.85634743691779	0.0	160746	996.6602937713284	0.056722797	0.3
23414.098839742514	300	29.653063108346934	0.0	179801	1203.2843285708539	0.5539214	0.3
23416.03724277329	750	31.714660077571565	0.0	337059	1938.4030307753674	0.696332	0.3
23418.285124594906	750	33.466778255956754	0.0	366214	2247.8818216148147	0.0047362917	0.75
23420.42126654143	750	35.330636309431284	0.0	360831	2136.141946525472	0.005383992	0.75
23422.583737617057	750	37.16816523380504	0.0	372963	2162.47107562624	0.015609233	0.75
23424.858409436423	750	38.89349341443894	0.0	405596	2274.6718193661018	0.06889845	0.75
23426.95440167845	750	40.79750117241322	0.0	350713	2095.9922420257208	0.51805264	0.75
23429.381435867705	750	42.37046698316035	0.0	386472	2427.0341892528772	0.6743631	0.75
23433.827062568653	1200	41.924840282210354	0.0	616206	4445.626700949993	0.66590506	0.75
23440.518226743334	1200	39.23367610752968	0.0	656471	6691.164174680668	0.030157266	1.2
23446.938474211605	1200	36.81342863925517	0.0	536667	6420.247468274508	0.3218264	1.2
23454.98082251043	1200	32.77108034043121	0.0	587236	8042.348298823963	0.69434726	1.2
23457.941441360643	750	33.81046149022318	0.0	379700	2960.618850208027	0.21551219	0.3
23461.767969533434	750	33.98393331743269	0.0	425781	3826.5281727905	0.024278581	0.75
23464.3316055001	750	35.42029735076248	0.0	277716	2563.6359666702083	0.04437357	0.75
23467.72615441042	750	36.02574844044526	0.0	400396	3394.548910317222	0.056112666	0.75
23471.259731428796	750	36.49217142206859	0.0	400508	3533.5770183766713	0.21170118	0.75
23474.950999221335	750	36.80090362952808	0.0	358218	3691.267792540505	0.22221354	0.75
23483.392929183763	750	32.35897366710303	0.0	400322	8441.929962425058	0.116528004	0.75
23490.331892300026	750	29.420010550842346	0.0	369834	6938.963116260682	0.004705182	0.75
23499.356073902665	750	24.3958289481993	0.0	412837	9024.181602643046	0.004705182	0.75
23510.77793426472	750	16.973968586145265	0.0	401088	11421.860362054034	0.013326746	0.75
23516.26621065528	300	15.485692195580699	0.0	159914	5488.276390564564	0.2632957	-0.15000000000000002
23519.0020154812	300	16.749887369662407	0.0	131610	2735.8048259182942	0.012546446	0.3
23520.93643384768	300	18.815469003181672	0.0	124011	1934.4183664807342	0.05602565	0.3
23523.25259776624	300	20.499305084622137	0.0	144254	2316.163918559536	0.13678946	0.3
23525.284913444662	300	22.466989406202455	0.0	149991	2032.315678419685	0.39675447	0.3
23528.567992999637	750	23.18390985122916	0.0	345516	3283.079554973292	0.414127	0.3
23531.38264805509	750	24.369254795778478	0.0	384505	2814.655055450684	0.0071919756	0.75
23535.551252969744	750	24.20064988112217	0.0	372093	4168.604914656305	0.10635991	0.75
23542.964304677353	750	20.787598173514255	0.0	438281	7413.051707607917	0.02855518	0.75
23552.992687834685	750	14.75921501618295	0.0	398987	10028.383157331307	0.0087233195	0.75
23558.65145236458	300	13.100450486286347	0.0	160064	5658.764529896602	0.17581367	-0.15000000000000002
23563.36610705764	300	12.38579579322412	0.0	137507	4714.654693062227	0.011319883	0.3
23566.614885388855	300	13.137017462012906	0.0	118421	3248.778331211213	0.017502895	0.3

