13929.871148512739	750	4.0	4.851455205977005	450283	4851.455205977005	0.0048248796	-20.11125738570112
13932.074813392443	300	5.796335120296149	0.0	155580	2203.664879703851	0.016785089	-0.15000000000000002
13934.23167992836	300	7.639468584376665	0.0	139857	2156.8665359194842	0.0050321207	0.3
13936.893848198531	300	8.97730031420655	0.0	155432	2662.1682701701147	0.004705182	0.3
13939.336495012885	300	10.534653499851958	0.0	163442	2442.646814354592	0.004705182	0.3
13941.901395724675	300	11.969752788063095	0.0	126289	2564.9007117888623	0.0056704935	0.3
13945.174957757978	300	12.69619075475933	0.0	153295	3273.5620333037646	0.004705182	0.3
13948.129085296685	300	13.742063216051369	0.0	173849	2954.127538707962	0.004705182	0.3
13949.467195630075	300	16.403952882659972	0.0	150710	1338.1103333913968	0.004705182	0.3
13950.693356186921	300	19.17779232581396	0.0	139105	1226.160556846011	0.004705182	0.3
13951.745239742882	300	22.125908769853044	0.0	141840	1051.8835559609138	0.006595653	0.3
13953.284025654315	300	24.587122858422287	0.0	156148	1538.785911430758	0.018299125	0.3
13955.127092998058	300	26.74405551467813	0.0	160746	1843.0673437441585	0.01972032	0.3
13957.625905771118	300	28.245242741618583	0.0	179801	2498.812773059549	0.021456689	0.3
13959.86757112471	300	30.003577388026006	0.0	140051	2241.6653535925757	0.038309306	0.3
13962.346548587693	300	31.524599925043283	0.0	138313	2478.977462982722	0.07131225	0.3
13965.366816914504	300	32.504331598231815	0.0	143509	3020.268326811466	0.064279675	0.3
13969.72088566108	300	32.15026285165609	0.0	150616	4354.068746575731	0.072490655	0.3
13972.918119629101	300	32.953028883633934	0.0	165384	3197.2339680221535	0.036700696	0.3
13974.674278531655	300	35.19686998108143	0.0	140881	1756.1589025525047	0.1047305	0.3
13977.169153148408	300	36.70199536432564	0.0	157671	2494.8746167557897	0.4935292	0.3
13979.841531599288	300	38.02961691344558	0.0	157812	2672.378450880062	0.638904	0.3
13981.792304599709	300	40.078843913026155	0.0	163927	1950.773000419423	0.61698693	0.3
13985.162093096778	750	40.70905541595676	0.0	343800	3369.78849706939	0.053936288	0.3
13988.425698556706	750	41.445449956028206	0.0	359903	3263.605459928555	0.004705182	0.75
13992.80150316671	750	41.06964534602576	0.0	379700	4375.804610002448	0.007612417	0.75
13997.412276422745	750	40.45887208998955	0.0	425781	4610.773256036215	0.006345921	0.75
13999.79509213205	750	42.07605638068306	0.0	277716	2382.815709306485	0.021695293	0.75
14002.141067289034	750	43.730081223700296	0.0	400396	2345.975156982766	0.09085729	0.75
14005.742866143093	1200	44.12828236964252	0.0	641447	3601.798854057776	0.433668	0.75
14011.164492954658	1200	42.706655558076406	0.0	570392	5421.626811566116	0.004705182	1.2
14019.771322653378	1200	38.09982585935712	0.0	620283	8606.829698719288	0.0070819207	1.2
14029.450727861053	1200	32.42042065168218	0.0	584349	9679.40520767494	0.091118276	1.2
14035.893920217031	1200	29.977228295703558	0.0	670129	6443.192355978621	0.5890548	1.2
14040.22198646369	1200	29.64916204904568	0.0	690253	4328.066246657875	0.3046307	1.2
14043.08091879144	1200	30.790229721296836	0.0	598727	2858.9323277488425	0.010682934	1.2
14046.39477039234	1200	31.476378120397218	0.0	487812	3313.8516008996194	0.004705182	1.2
14054.07905979506	1200	27.792088717676798	0.0	575591	7684.28940272042	0.004705182	1.2
14065.161120397297	1200	20.7100281154377	0.0	605884	11082.060602239095	0.036042962	1.2
14069.179118300575	750	20.6920302121602	0.0	390680	4017.997903277499	0.21576542	0.3
14072.144348227277	750	21.726800285458136	0.0	345516	2965.229926702064	0.07665479	0.75
14077.19264767142	750	20.678500841315014	0.0	384505	5048.299444143122	0.08307761	0.75
14084.446003193447	750	17.425145319288635	0.0	372093	7253.355522026378	0.051291134	0.75
14092.915780965624	750	12.955367547111381	0.0	438281	8469.777772177256	0.011044615	0.75
14098.932262445276	750	10.938886067458595	0.0	398987	6016.481479652785	0.6967305	0.75
14102.922027745675	750	10.94912076705971	0.0	393804	3989.765300398886	0.20762677	0.75
14105.919315992622	750	11.951832520113514	0.0	331053	2997.288246946196	0.046405263	0.75
14109.423686851702	750	12.447461661032502	0.0	314107	3504.3708590810115	0.009613102	0.75

