10074.683163104086	750	4.0	2.009934342455404	450283	2009.9343424554038	0.0072973184	-7.892717672558236
10077.411406856736	750	5.271756247349612	0.0	398865	2728.243752650388	0.004705182	0.75
10082.447289171152	750	4.235873932933438	0.0	350812	5035.882314416174	0.04843115	0.75
10083.42216027095	300	7.261002833135563	0.0	155432	974.8710997978754	0.0056942333	-0.15000000000000002
10084.647066941512	300	10.036096162572855	0.0	163442	1224.9066705627065	0.44178385	0.3
10085.750662994531	300	12.932500109554233	0.0	126289	1103.596053018622	0.16172732	0.3
10086.874682595299	300	15.80848050878856	0.0	153295	1124.019600765674	0.0947866	0.3
10087.839762790956	300	18.84340031313039	0.0	173849	965.0801956581711	0.14098595	0.3
10088.595548910267	300	22.087614193818617	0.0	150710	755.7861193117741	0.46077865	0.3
10090.321478134818	750	24.361684969267746	0.0	362795	1725.9292245508693	0.54038185	0.3
10091.99244681439	750	26.690716289693587	0.0	353220	1670.9686795741577	0.075101316	0.75
10093.604734692892	750	29.078428411192462	0.0	405134	1612.2878785011285	0.007378674	0.75
10095.183905717184	750	31.49925738690163	0.0	386351	1579.1710242908287	0.13608408	0.75
10098.230583588629	1200	32.45257951545484	0.0	687371	3046.677871446783	0.56737316	0.75
10100.475935709204	1200	34.20722739488013	0.0	526950	2245.3521205747193	0.018075153	1.2
10102.92411750051	1200	35.75904560357376	0.0	587876	2448.181791306367	0.007927181	1.2
10105.601864592998	1200	37.081298511086544	0.0	617242	2677.747092487216	0.004705182	1.2
10108.005847485556	1200	38.677315618529015	0.0	581493	2403.982892557526	0.004705182	1.2
10110.765012916105	1200	39.91815018797943	0.0	639204	2759.1654305495813	0.004705182	1.2
10113.256429171886	1200	41.42673393219762	0.0	586839	2491.4162557818163	0.004705182	1.2
10115.603534975191	1200	43.07962812889225	0.0	601738	2347.105803305361	0.0048564267	1.2
10118.13099683747	1200	44.552166266612595	0.0	616206	2527.4618622796647	0.007945955	1.2
10120.827288831579	1200	45.855874272505524	0.0	656471	2696.291994107066	0.011952558	1.2
10123.0960196896	1200	47.58714341448578	0.0	536667	2268.730858019749	0.032898363	1.2
10125.35377970035	1200	49.32938340373415	0.0	587236	2257.760010751627	0.048169807	1.2
10127.787414759207	1200	50.895748344879394	0.0	590335	2433.635058854761	0.55302393	1.2
10134.074824869493	2850	48.60833823459159	0.0	1547572	6287.410110287803	0.7301411	1.2000000000000002
10139.664194347157	2850	47.01896875692797	0.0	1141971	5589.369477663621	0.004705182	2.85
10151.872115420678	2850	38.81104768340597	0.0	1498470	12207.921073522006	0.004705182	2.85
10155.50544931921	1200	39.177713784874896	0.0	641447	3633.333898531069	0.025984703	-0.44999999999999996
10158.370343739012	1200	40.31281936507171	0.0	570392	2864.8944198031922	0.004705182	1.2
10161.720309856815	1200	40.96285324726859	0.0	620283	3349.966117803113	0.004705182	1.2
10165.042097171307	1200	41.64106593277649	0.0	584349	3321.787314492097	0.004705182	1.2
10168.268794874844	1200	42.414368229238356	0.0	670129	3226.697703538141	0.008632341	1.2
10172.356220408754	1200	42.326942695329215	0.0	690253	4087.4255339091396	0.3166487	1.2
10175.698387296354	1200	42.98477580772929	0.0	598727	3342.166887599921	0.01566895	1.2
10178.721301635227	1200	43.96186146885777	0.0	487812	3022.9143388715165	0.03455804	1.2
10182.646272907323	1200	44.0368901967614	0.0	575591	3924.971272096374	0.108584285	1.2
10186.080797250903	1200	44.60236585318193	0.0	605884	3434.5243435794723	0.17351069	1.2
10192.032722244705	2850	42.65044085938007	0.0	1402287	5951.924993801861	0.7638377	1.2000000000000002
10198.230771808934	2850	40.45239129515091	0.0	1339500	6198.049564229154	0.004705182	2.85
10207.530918267817	2850	35.15224483626646	0.0	1527299	9300.146458884445	0.004705182	2.85
10214.589133784819	2850	32.09402931926455	0.0	1343002	7058.215517001913	0.004705182	2.85
10230.03990581374	2850	20.643257290344735	0.0	1587250	15450.772028919817	0.004705182	2.85
10233.886066159168	1200	20.797096944915264	0.0	630203	3846.160345429472	0.004705182	-0.44999999999999996
10237.479799474528	1200	21.203363629555213	0.0	638661	3593.733315360054	0.004705182	1.2
10241.27752572353	1200	21.405637380552584	0.0	538612	3797.7262490026287	0.004705182	1.2
10245.548524870328	1200	21.134638233754398	0.0	550906	4270.999146798185	0.004705182	1.2

