3852.8252958875855	750	4.0	1.1482833162359447	450283	1148.2833162359448	0.015175434	-4.187618259814562
3853.856750925883	750	6.968544961703175	0.0	398865	1031.455038296825	0.004705182	0.75
3854.838945730697	750	9.986350156888886	0.0	350812	982.1948048142882	0.0081491815	0.75
3857.3472155247528	1200	11.478080362832959	0.0	617681	2508.269794055926	0.18671335	0.75
3859.952143547017	750	12.87315234056835	0.0	411561	2604.9280222646107	0.45037806	0.3
3861.659659653547	750	15.1656362340387	0.0	318564	1707.5161065296488	0.0049596946	0.75
3862.9510503334413	750	17.87424555414409	0.0	352642	1291.3906798946102	0.008150178	0.75
3864.525142927367	750	20.300152960218277	0.0	437162	1574.0925939258125	0.01068602	0.75
3866.035324330692	750	22.789971556893118	0.0	374758	1510.1814033251617	0.33950526	0.75
3868.3220479842535	750	24.50324790333191	0.0	362795	2286.7236535612046	0.27069807	0.75
3870.451090275682	750	26.374205611903683	0.0	353220	2129.0422914282294	0.0070175794	0.75
3871.968873645147	750	28.856422242438374	0.0	405134	1517.78336946531	0.005354357	0.75
3874.0115354087834	1200	30.81376047880222	0.0	624282	2042.6617636361552	0.39299774	0.75
3875.766237143546	1200	33.05905874403952	0.0	687371	1754.701734762697	0.005518737	1.2
3877.041312527476	1200	35.78398336010966	0.0	526950	1275.0753839298507	0.005050028	1.2
3878.613717452607	1200	38.211578434978634	0.0	587876	1572.404925131031	0.011646422	1.2
3880.2915817116245	1200	40.5337141759608	0.0	617242	1677.8642590178295	0.08305087	1.2
3887.0285159863497	2850	37.79677990123563	0.0	1358801	6736.93427472517	0.7485224	1.2000000000000002
3902.1502320188224	2850	26.675063868762987	0.0	1537156	15121.716032472646	0.018730544	2.85
3905.7626410428	1200	27.06265484478535	0.0	586839	3612.409023977639	0.28212193	-0.44999999999999996
3908.1060366220604	1200	28.719259265525004	0.0	601738	2343.3955792603433	0.058944196	1.2
3910.090490986362	1200	30.73480490122331	0.0	616206	1984.4543643016946	0.004705182	1.2
3912.123695598036	1200	32.70160028954944	0.0	656471	2033.204611673868	0.004705182	1.2
3913.947104746072	1200	34.87819114151319	0.0	536667	1823.409148036256	0.013957989	1.2
3915.8726339228556	1200	36.952661964729785	0.0	587236	1925.5291767834065	0.042587176	1.2
3917.919412453361	1200	38.90588343422419	0.0	590335	2046.7785305055936	0.046619043	1.2
3920.3890716057535	1200	40.43622428183125	0.0	696376	2469.659152392938	0.050564077	1.2
3923.8076972565973	2850	41.01759863098762	0.0	1141971	3418.625650843626	0.1882264	1.2000000000000002
3928.714913851554	2850	40.110382036031226	0.0	1498470	4907.2165949564	0.017362807	2.85
3934.4762058675824	2850	38.34909002000213	0.0	1561263	5761.292016029095	0.010451569	2.85
3938.471992749162	2850	38.353303138422675	0.0	1341201	3995.7868815794473	0.007120638	2.85
3941.7585167961965	2850	39.06677909138825	0.0	1497683	3286.524047034432	0.011735133	2.85
3945.30664699591	2850	39.518648891674474	0.0	1358081	3548.1301997137816	0.11296116	2.85
3951.629213605444	4300	37.196082282140544	0.0	2286761	6322.566609533922	0.10986358	2.8499999999999996
3958.009886409445	4300	34.81540947813967	0.0	2307787	6380.6728040008775	0.013301091	4.3
3962.8840220254096	4300	33.94127386217483	0.0	2143948	4874.1356159648385	0.00916601	4.3
3967.669039310591	4300	33.15625657699348	0.0	1919781	4785.017285181349	0.004705182	4.3
3973.4518899270206	4300	31.373405960563417	0.0	2147467	5782.850616430065	0.004705182	4.3
3979.754085154413	4300	29.071210733170723	0.0	2133870	6302.195227392693	0.004705182	4.3
3985.666246412415	4300	27.159049475168768	0.0	2146120	5912.161258001955	0.007308196	4.3
3995.6514719308984	4300	21.173823956685446	0.0	2108491	9985.225518483325	0.0059512723	4.3
4000.9073167686515	2850	19.91797911893242	0.0	1527299	5255.844837753029	0.21666782	1.4000000000000001
4005.0366603662083	2850	19.788635521375507	0.0	1343002	4129.34359755691	0.009642944	2.85
4009.64983816272	2850	19.175457724863975	0.0	1587250	4613.1777965115325	0.0053595034	2.85
4014.594558921624	2850	18.230736965959835	0.0	1464921	4944.720758904142	0.01904816	2.85
4020.079723479278	2850	16.74557240830576	0.0	1483527	5485.164557654071	0.004766604	2.85
4024.588691011112	2850	16.236604876471585	0.0	1231456	4508.967531834176	0.0049228747	2.85
4029.15851027347	2850	15.666785614114357	0.0	1364537	4569.8192623572295	0.004705182	2.85

