16042.748404634694	750	4.0	4.782926972877741	450283	4782.926972877741	0.036199883	-19.816585983374285
16044.493688870834	300	6.254715763859471	0.0	155580	1745.2842361405292	0.020078443	-0.15000000000000002
16046.456435988954	300	8.291968645740148	0.0	139857	1962.7471181193237	0.012637263	0.3
16048.59419557134	300	10.154209063352807	0.0	155432	2137.75958238734	0.004705182	0.3
16050.470491907787	300	12.277912726907294	0.0	163442	1876.2963364455136	0.0057743876	0.3
16051.585817370977	300	15.162587263716606	0.0	126289	1115.3254631906873	0.014957695	0.3
16052.757955515595	300	17.990449119099527	0.0	153295	1172.138144617082	0.0073915552	0.3
16054.220228860593	300	20.528175774101847	0.0	173849	1462.2733449976768	0.014444621	0.3
16055.66159563269	300	23.08680900200616	0.0	150710	1441.3667720956878	0.022320474	0.3
16056.917476868022	300	25.830927766672346	0.0	139105	1255.8812353338128	0.04004204	0.3
16058.130615577007	300	28.61778905768866	0.0	141840	1213.1387089836865	0.06372867	0.3
16059.828646857935	300	30.919757776759262	0.0	156148	1698.031280929398	0.15844907	0.3
16061.125846454619	300	33.622558180075956	0.0	160746	1297.199596683312	0.20878205	0.3
16066.039218831433	750	32.70918580326071	0.0	434409	4913.37237681524	0.6421378	0.3
16072.106165614394	750	30.642239020299616	0.0	337059	6066.946782961093	0.16161074	0.75
16075.357409072249	750	31.390995562446513	0.0	366214	3251.243457853105	0.61044276	0.75
16078.0070407374	750	32.74136389729511	0.0	360831	2649.631665151404	0.048684064	0.75
16080.814846558213	750	33.933558076481596	0.0	372963	2807.805820813514	0.0047112606	0.75
16083.644236074075	750	35.10416856061884	0.0	405596	2829.3895158627574	0.004705182	0.75
16086.504246246886	750	36.24415838780764	0.0	350713	2860.0101728112054	0.006389162	0.75
16089.507678893655	750	37.240725741037224	0.0	386472	3003.4326467704077	0.007945167	0.75
16092.767869806676	750	37.980534828017234	0.0	399894	3260.190913019996	0.011292478	0.75
16098.71130024652	750	36.03710438817332	0.0	401853	5943.430439843917	0.012746755	0.75
16101.339023602097	750	37.40938103259626	0.0	343800	2627.7233555770626	0.004705182	0.75
16104.30491851499	750	38.44348611970051	0.0	359903	2965.894912895744	0.025024924	0.75
16107.821880726642	750	38.92652390804876	0.0	379700	3516.962211651749	0.05527484	0.75
16112.297832378574	750	38.45057225611786	0.0	425781	4475.951651930901	0.053000666	0.75
16116.995017008576	750	37.75338762611519	0.0	277716	4697.184630002667	0.058798544	0.75
16124.64542584774	750	34.1029787869509	0.0	400396	7650.408839164286	0.0073641283	0.75
16128.581470861931	750	34.16693377276137	0.0	400508	3936.045014189533	0.004705182	0.75
16131.37784499943	750	35.37055963526248	0.0	358218	2796.3741374988895	0.012238409	0.75
16135.161135501861	750	35.587269132830215	0.0	400322	3783.2905024322645	0.11310487	0.75
16138.463149379084	750	36.285255255608135	0.0	369834	3302.0138772220794	0.16031435	0.75
16144.027954738209	750	34.720449896483274	0.0	412837	5564.805359124865	0.46077356	0.75
16150.39077072568	750	32.35763390901096	0.0	401088	6362.815987472317	0.069551185	0.75
16159.856552228928	750	26.891852405763355	0.0	365161	9465.781503247603	0.021745946	0.75
16166.72688704986	750	24.021517584832203	0.0	321064	6870.3348209311525	0.005251776	0.75
16175.687675607682	750	19.060729027009813	0.0	361565	8960.78855782239	0.004705182	0.75
16178.828001261207	750	19.920403373484397	0.0	378327	3140.325653525416	0.061388224	0.75
16181.200342093405	750	21.548062541285823	0.0	390680	2372.340832198574	0.010492185	0.75
16183.297167010032	750	23.451237624657956	0.0	345516	2096.8249166278683	0.5860234	0.75
16186.367732682507	1200	24.38067195218222	0.0	641452	3070.5656724757355	0.47802094	0.75
16189.410765527562	1200	25.3376391071293	0.0	599477	3043.0328450529205	0.009218273	1.2
16192.68690798299	1200	26.061496651700963	0.0	634861	3276.1424554283367	0.02324199	1.2
16197.000356740162	1200	25.748047894529773	0.0	630203	4313.4487571711925	0.028696554	1.2
16202.370181883016	1200	24.37822275167409	0.0	638661	5369.825142855681	0.008449895	1.2
16205.143409823027	1200	25.60499481166181	0.0	538612	2773.227940012279	0.011089217	1.2
16207.914817451563	1200	26.833587183127797	0.0	550906	2771.4076285340134	0.030947108	1.2

