8320.883739344628	750	4.0	4.236019030700693	450283	4236.019030700693	0.035769783	-17.46488183201298
8322.026448362212	300	6.857290982416554	0.0	155580	1142.7090175834455	0.11200005	-0.15000000000000002
8323.50437843042	300	9.379360914208803	0.0	139857	1477.9300682077526	0.4663344	0.3
8325.204748780507	300	11.678990564121813	0.0	155432	1700.37035008699	0.006795571	0.3
8326.74935425675	300	14.134385087878595	0.0	163442	1544.605476243219	0.030806199	0.3
8327.493137874315	300	17.390601470313385	0.0	126289	743.7836175652097	0.093167104	0.3
8328.600692706164	300	20.283046638465095	0.0	153295	1107.5548318482893	0.16424595	0.3
8329.915228010552	300	22.968511334077277	0.0	173849	1314.5353043878154	0.05878473	0.3
8331.639413701687	300	25.244325642943313	0.0	150710	1724.1856911339653	0.109817594	0.3
8333.631261359	300	27.252477985629255	0.0	139105	1991.8476573140588	0.13422157	0.3
8335.85044095126	300	29.033298393368685	0.0	141840	2219.1795922605725	0.05488071	0.3
8337.59514871337	300	31.28859063126012	0.0	156148	1744.7077621085643	0.040550157	0.3
8340.454831735206	300	32.42890760942347	0.0	160746	2859.6830218366554	0.15686052	0.3
8344.029139114282	300	32.85460023034738	0.0	179801	3574.3073790760905	0.056337472	0.3
8347.046360665066	300	33.83737867956239	0.0	140051	3017.221550784989	0.042607382	0.3
8349.385530567886	300	35.498208776743276	0.0	138313	2339.169902819113	0.04613033	0.3
8351.36333057966	300	37.520408764970135	0.0	143509	1977.8000117731397	0.14760737	0.3
8353.999681000061	300	38.88405834456887	0.0	150616	2636.350420401263	0.30640236	0.3
8357.221883983544	300	39.6618553610855	0.0	165384	3222.2029834833647	0.6292887	0.3
8362.970857718092	750	37.912881626539274	0.0	350713	5748.973734546226	0.68835205	0.3
8365.754253177363	750	39.129486167268276	0.0	386472	2783.395459270996	0.015134852	0.75
8368.549599514958	750	40.33413982967323	0.0	399894	2795.346337595045	0.004705182	0.75
8371.079423316021	750	41.80431602860968	0.0	401853	2529.8238010635487	0.009917378	0.75
8372.64831072789	750	44.23542861674271	0.0	343800	1568.8874118669698	0.18345626	0.75
8375.109420193932	1200	45.77431915069865	0.0	587236	2461.1094660440604	0.06888161	0.75
8381.986935987838	1200	42.89680335679476	0.0	590335	6877.515793903892	0.005593228	1.2
8387.404708931153	1200	41.479030413478334	0.0	696376	5417.772943316429	0.030240064	1.2
8391.875787333689	1200	41.00795201094231	0.0	487160	4471.078402536026	0.005084977	1.2
8397.932225481158	1200	38.95151386347468	0.0	622896	6056.438147467625	0.010169606	1.2
8403.908237336336	1200	36.975502008296196	0.0	641447	5976.0118551784935	0.029222498	1.2
8406.57472837131	1200	38.30901097332351	0.0	570392	2666.4910349726883	0.02777191	1.2
8409.061750793218	1200	39.82198855141337	0.0	620283	2487.0224219101387	0.004705182	1.2
8412.022356911764	1200	40.86138243286883	0.0	584349	2960.6061185445465	0.0057614017	1.2
8416.405170014727	1200	40.47856932990717	0.0	670129	4382.8131029616625	0.0076643694	1.2
8422.068414561132	1200	38.81532478350069	0.0	690253	5663.244546406469	0.0077208634	1.2
8427.55311870173	1200	37.3306206429036	0.0	598727	5484.704140597097	0.004806573	1.2
8431.292908552692	1200	37.59083079194184	0.0	487812	3739.789850961753	0.004705182	1.2
8437.50480508348	1200	35.378934261152914	0.0	575591	6211.896530788931	0.004705182	1.2
8448.162987131136	1200	28.720752213496862	0.0	605884	10658.182047656052	0.004705182	1.2
8466.412762184718	1200	14.470977159914113	0.0	587506	18249.775053582747	0.26855394	1.2
8471.010600914247	300	13.873138430386188	0.0	147968	4597.838729527924	0.004705182	-0.6000000000000001
8476.247608022271	300	12.636131322363322	0.0	161857	5237.007108022865	0.006988538	0.3
8480.487264297059	300	12.396475047574727	0.0	145210	4239.6562747885955	0.009430742	0.3
8485.565927647976	300	11.317811696656717	0.0	172312	5078.663350918011	0.006463468	0.3
8490.314165130632	300	10.569574214001241	0.0	167025	4748.237482655478	0.004705182	0.3
8494.920606041753	300	9.963133302879626	0.0	160064	4606.440911121614	0.004705182	0.3
8498.990829235863	300	9.892910108770964	0.0	137507	4070.223194108664	0.004705182	0.3
8502.405735179495	300	10.478004165138039	0.0	118421	3414.905943632926	0.004705182	0.3

