19130.20291119474	750	4.0	6.212365695121308	450283	6212.365695121308	0.36918306	-25.963172489021623
19131.710000448755	300	6.492910745984942	0.0	155580	1507.089254015058	0.004705182	-0.15000000000000002
19133.279547949354	300	8.923363245387266	0.0	139857	1569.547500597674	0.009405771	0.3
19136.662529171957	300	9.54038202278418	0.0	155432	3382.981222603087	0.004705182	0.3
19139.068502214002	300	11.134408980739513	0.0	163442	2405.973042044665	0.004705182	0.3
19140.470331310615	300	13.732579884127976	0.0	126289	1401.8290966115378	0.0063789925	0.3
19142.18007735942	300	16.02283383532257	0.0	153295	1709.746048805408	0.004705182	0.3
19144.70196392318	300	17.50094727156205	0.0	173849	2521.88656376052	0.004705182	0.3
19146.896794293236	300	19.306116901505767	0.0	150710	2194.830370056284	0.004705182	0.3
19148.613176251078	300	21.589734943663952	0.0	139105	1716.3819578418154	0.004705182	0.3
19150.277732509672	300	23.925178685067262	0.0	141840	1664.5562585966907	0.00595325	0.3
19152.45525216516	300	25.747659029580376	0.0	156148	2177.5196554868867	0.007315026	0.3
19153.902125348464	300	28.30078584627639	0.0	160746	1446.8731833039867	0.008815072	0.3
19155.19054877532	300	31.012362419417016	0.0	179801	1288.4234268593748	0.062350422	0.3
19156.045553844106	300	34.157357350634854	0.0	140051	855.0050687821622	0.56585866	0.3
19158.693344822615	750	35.509566372125335	0.0	366214	2647.7909785095153	0.31363747	0.3
19161.540448249147	750	36.662462945594584	0.0	360831	2847.103426530749	0.004705182	0.75
19167.015202613486	750	35.187708581257056	0.0	372963	5474.754364337528	0.004758164	0.75
19173.22029169044	750	32.9826195043006	0.0	405596	6205.08907695646	0.00708817	0.75
19181.05071780571	750	29.15219338902986	0.0	350713	7830.426115270741	0.008773056	0.75
19191.094432213322	750	23.108478981418962	0.0	386472	10043.7144076109	0.4478739	0.75
19194.16928519839	300	24.033625996349567	0.0	157812	3074.852985069391	0.06950113	-0.15000000000000002
19195.840189821334	300	26.362721373406636	0.0	163927	1670.9046229429316	0.013200888	0.3
19197.070423770667	300	29.132487424072565	0.0	137654	1230.2339493340712	0.4659732	0.3
19198.406070487374	300	31.796840707364648	0.0	146754	1335.6467167079156	0.69673926	0.3
19201.732256783544	750	32.47065441119404	0.0	379700	3326.186296170612	0.19653527	0.3
19205.485636555753	750	32.71727463898693	0.0	425781	3753.379772207106	0.004705182	0.75
19207.779334748502	750	34.423576446236055	0.0	277716	2293.698192750883	0.0069167637	0.75
19211.08358069118	750	35.11933050356311	0.0	400396	3304.24594267294	0.009454418	0.75
19214.601040974907	750	35.60187021983299	0.0	400508	3517.4602837301222	0.033331245	0.75
19218.17359220785	750	36.02931898688953	0.0	358218	3572.551232943459	0.13488702	0.75
19225.211221116995	750	32.99169007774694	0.0	400322	7037.628909142594	0.10294664	0.75
19236.107887434762	750	26.095023759979195	0.0	369834	10896.666317767738	0.0067548743	0.75
19248.19189338827	750	18.011017806470594	0.0	412837	12084.0059535086	0.21794768	0.75
19251.686730626774	300	18.51618056796939	0.0	179328	3494.8372385012044	0.04796944	-0.15000000000000002
19254.137256007787	300	20.06565518695455	0.0	159914	2450.5253810148365	0.05092941	0.3
19256.17462454215	300	22.028286652589557	0.0	131610	2037.368534364991	0.22338815	0.3
19258.102145676356	300	24.100765518386016	0.0	124011	1927.521134203545	0.58551884	0.3
19264.95409868275	750	21.24881251199265	0.0	378327	6851.953006393363	0.5927149	0.3
19270.80405511772	750	19.398856077023954	0.0	390680	5849.9564349687	0.06368818	0.75
19276.772465764287	750	17.43044543045347	0.0	345516	5968.410646570483	0.007286418	0.75
19283.191210036974	750	15.011701157765273	0.0	384505	6418.744272688195	0.06432037	0.75
19287.286382611805	750	14.916528582935074	0.0	372093	4095.172574830199	0.3013413	0.75
19291.157376866933	750	15.045534327806216	0.0	438281	3870.994255128858	0.019128501	0.75
19295.299465790406	750	14.903445404331908	0.0	398987	4142.088923474308	0.009088459	0.75
19298.55405247498	750	15.64885871975647	0.0	393804	3254.5866845754376	0.011484077	0.75
19304.300282530603	750	13.90262866413665	0.0	331053	5746.2300556198215	0.090463884	0.75
19307.90423333782	750	14.298677856918545	0.0	314107	3603.9508072181047	0.0071377647	0.75

