23200.461346158	750	4.0	4.8551176236478435	450283	4855.117623647843	0.32916418	-20.127005781685725
23201.958558259015	300	6.502787898988277	0.0	155580	1497.2121010117223	0.016629495	-0.15000000000000002
23203.245863243854	300	9.215482914147731	0.0	139857	1287.3049848405465	0.031066522	0.3
23204.465188902675	300	11.996157255325587	0.0	155432	1219.3256588221457	0.0054661403	0.3
23205.6227255985	300	14.83862055950185	0.0	163442	1157.5366958237378	0.084188186	0.3
23206.52712400729	300	17.93422215070743	0.0	126289	904.3984087944164	0.25422764	0.3
23207.543338835323	300	20.918007322678523	0.0	153295	1016.2148280289068	0.06596976	0.3
23208.48118921096	300	23.980156947038896	0.0	173849	937.8503756396277	0.09960297	0.3
23209.588600915573	300	26.872745242427992	0.0	150710	1107.4117046109077	0.45426366	0.3
23210.565985871894	300	29.895360286110012	0.0	139105	977.3849563179785	0.5062013	0.3
23212.643405966835	750	31.81794019116585	0.0	353220	2077.4200949441624	0.6739022	0.3
23215.523191070475	750	32.93815508752946	0.0	405134	2879.7851036363945	0.006295084	0.75
23218.138117845232	750	34.32322831277041	0.0	386351	2614.9267747590457	0.0049978136	0.75
23220.246334183146	750	36.21501197485902	0.0	434409	2108.216337911399	0.004705182	0.75
23221.91461631277	750	38.5467298452377	0.0	337059	1668.2821296213128	0.06349804	0.75
23224.0863564494	750	40.37498970860501	0.0	366214	2171.740136632694	0.22412498	0.75
23229.15750344412	1200	39.303842713883625	0.0	617242	5071.146994721381	0.19166052	0.75
23231.94876651459	750	40.512579643417055	0.0	372963	2791.2630704665744	0.65488344	0.3
23234.821920437746	750	41.6394257202603	0.0	405596	2873.1539231567585	0.091843344	0.75
23237.373677433956	750	43.08766872404888	0.0	350713	2551.756996211416	0.19986375	0.75
23242.181237465513	1200	42.280108692492696	0.0	601738	4807.560031556192	0.267508	0.75
23247.706580169084	1200	40.75476598892082	0.0	616206	5525.34270357187	0.115461126	1.2
23252.107373609622	1200	40.353972548386274	0.0	656471	4400.79344053455	0.30727845	1.2
23255.72920229316	1200	40.732143864846044	0.0	536667	3621.828683540225	0.03137219	1.2
23260.130708845925	1200	40.33063731208168	0.0	587236	4401.506552764369	0.032872446	1.2
23263.685700793576	1200	40.77564536442901	0.0	590335	3554.9919476526725	0.023734	1.2
23269.25642372332	1200	39.2049224346818	0.0	696376	5570.722929747206	0.005331141	1.2
23274.19214937903	1200	38.269196778971846	0.0	487160	4935.725655709957	0.007981057	1.2
23280.707372494617	1200	35.753973663387676	0.0	622896	6515.223115584175	0.039699346	1.2
23284.379044523965	1200	36.08230163403769	0.0	641447	3671.6720293499798	0.13356927	1.2
23287.738169471395	1200	36.723176686608454	0.0	570392	3359.1249474292395	0.004705182	1.2
23291.33907760185	1200	37.122268556152065	0.0	620283	3600.908130456388	0.004705182	1.2
23294.684090181447	1200	37.77725597655324	0.0	584349	3345.0125795988174	0.004705182	1.2
23298.946457305414	1200	37.514888852589436	0.0	670129	4262.367123963809	0.004705182	1.2
23304.621131274762	1200	35.84021488324031	0.0	690253	5674.673969349128	0.004705182	1.2
23312.826123076487	1200	31.63522308151774	0.0	598727	8204.991801722565	0.004705182	1.2
23317.368754402185	1200	31.09259175581858	0.0	487812	4542.631325699156	0.020001164	1.2
23324.29419602606	1200	28.167150131944933	0.0	575591	6925.441623873649	0.010872876	1.2
23329.72116076511	1200	26.740185392893032	0.0	605884	5426.964739051901	0.05414731	1.2
23334.80750812302	1200	25.65383803498249	0.0	587506	5086.347357910546	0.016021661	1.2
23339.897003501523	1200	24.564342656482136	0.0	566904	5089.495378500354	0.0101706805	1.2
23350.370999910905	1200	18.090346247101188	0.0	641452	10473.996409380949	0.012950436	1.2
23357.46992226894	750	14.991423889063368	0.0	372093	7098.922358037821	0.16956802	0.3
23366.24969611093	750	10.211650047079283	0.0	438281	8779.773841984084	0.0050742	0.75
23370.729317514357	300	9.732028643648917	0.0	167025	4479.621403430367	0.14857705	-0.15000000000000002
23375.512647064654	300	8.948699093352879	0.0	160064	4783.329550296038	0.00796043	0.3
23380.365142586612	300	8.096203571392998	0.0	137507	4852.495521959881	0.004705182	0.3
23383.839175186135	300	8.62217097186837	0.0	118421	3474.03259952463	0.004705182	0.3

