23573.30598642579	750	4.0	6.6911010369313795	450283	6691.10103693138	0.022578271	-28.021734458804932
23575.14504894609	300	6.160937479695716	0.0	155580	1839.0625203042848	0.004705182	-0.15000000000000002
23576.51407046743	300	8.791915958355675	0.0	139857	1369.0215213400395	0.004705182	0.3
23577.760829797422	300	11.545156628364916	0.0	155432	1246.7593299907599	0.004705182	0.3
23578.936752138346	300	14.369234287440888	0.0	163442	1175.9223409240274	0.019309111	0.3
23579.917626792216	300	17.38835963357115	0.0	126289	980.8746538697418	0.12289203	0.3
23581.572108057713	300	19.73387836806929	0.0	153295	1654.4812655018584	0.018164016	0.3
23583.7733435408	300	21.53264288498172	0.0	173849	2201.2354830875693	0.008637078	0.3
23585.1734330484	300	24.132553377382756	0.0	150710	1400.0895075989633	0.0091865575	0.3
23587.170302706963	300	26.135683718821276	0.0	139105	1996.8696585614773	0.07670296	0.3
23589.77071816764	300	27.53526825814596	0.0	141840	2600.415460675318	0.028496277	0.3
23593.82697284624	300	27.479013579547996	0.0	156148	4056.254678597964	0.014216221	0.3
23598.16686142207	300	27.139125003719585	0.0	160746	4339.888575828408	0.0076562823	0.3
23602.711143990986	300	26.59484243480418	0.0	179801	4544.28256891541	0.004705182	0.3
23607.528029739555	300	25.777956686233637	0.0	140051	4816.88574857054	0.004705182	0.3
23612.366578821744	300	24.93940760404564	0.0	138313	4838.549082187995	0.004705182	0.3
23616.214575636684	300	25.091410789107	0.0	143509	3847.996814938639	0.004705182	0.3
23620.454884516745	300	24.851101909044743	0.0	150616	4240.308880062256	0.004705182	0.3
23624.38273785937	300	24.923248566417758	0.0	165384	3927.8533426269873	0.0047208345	0.3
23627.066479363733	300	26.239507062059204	0.0	140881	2683.741504358554	0.0056368914	0.3
23629.698099338413	300	27.607887087378696	0.0	157671	2631.619974680511	0.00872085	0.3
23632.439223143545	300	28.866763282245085	0.0	157812	2741.1238051336104	0.022000797	0.3
23635.81699629555	300	29.488990130239458	0.0	163927	3377.7731520056263	0.052727055	0.3
23639.516857730072	300	29.789128695718187	0.0	137654	3699.861434521269	0.10642153	0.3
23642.080209134492	300	31.22577729129688	0.0	146754	2563.351404421308	0.19820786	0.3
23643.29361971157	300	34.01236671422112	0.0	153938	1213.4105770757567	0.5144979	0.3
23645.95271621126	750	35.35327021453296	0.0	425781	2659.0964996881576	0.062081896	0.3
23647.884218585128	750	37.42176784066311	0.0	277716	1931.5023738698521	0.030146196	0.75
23650.274237109054	750	39.031749316740424	0.0	400396	2390.0185239226835	0.09960756	0.75
23654.50976669613	1200	38.79621972966416	0.0	641447	4235.529587076263	0.5784127	0.75
23658.398120395457	1200	38.90786603033882	0.0	570392	3888.3536993253388	0.007444047	1.2
23662.40865801	1200	38.89732841579275	0.0	620283	4010.5376145460746	0.0055590384	1.2
23665.6419201575	1200	39.66406626829511	0.0	584349	3233.2621474976436	0.004705182	1.2
23669.739131036335	1200	39.56685538946257	0.0	670129	4097.210878832545	0.004705182	1.2
23673.394309912626	1200	39.91167651317052	0.0	690253	3655.178876292048	0.00540107	1.2
23676.414069960418	1200	40.89191646537673	0.0	598727	3019.760047793791	0.012957203	1.2
23678.919628331245	1200	42.38635809455311	0.0	487812	2505.5583708236204	0.089649	1.2
23682.3470892792	1200	42.95889714659552	0.0	575591	3427.4609479575865	0.16284035	1.2
23686.734994109185	1200	42.57099231661345	0.0	605884	4387.904829982071	0.26017022	1.2
23691.718077725134	1200	41.58790870066038	0.0	587506	4983.08361595307	0.14258417	1.2
23695.941572345477	1200	41.36441408031827	0.0	566904	4223.494620342117	0.048380103	1.2
23699.589966817	1200	41.71601960879669	0.0	641452	3648.394471521576	0.06816431	1.2
23702.910271751363	1200	42.39571467443142	0.0	599477	3320.304934365273	0.67849874	1.2
23713.44390066489	2850	35.86208576090683	0.0	1587250	10533.628913524592	0.63585836	1.2000000000000002
23721.869868814316	2850	31.436117611480228	0.0	1464921	8425.968149426599	0.0059344787	2.85
23730.851607084467	2850	26.454379341328437	0.0	1483527	8981.738270151793	0.004705182	2.85
23739.31570113932	2850	21.990285286476276	0.0	1231456	8464.09405485216	0.004705182	2.85
23749.442758563884	2850	15.863227861911003	0.0	1364537	10127.057424565272	0.014987028	2.85

