7592.471126193149	750	4.0	2.752351768226307	450283	2752.351768226307	0.69439316	-11.085112603373119
7595.300170910258	750	5.17095528289082	0.0	398865	2829.0447171091805	0.04929792	0.75
7597.553693814922	750	6.917432378227826	0.0	350812	2253.5229046629934	0.19943361	0.75
7598.645176149704	750	9.825950043445326	0.0	382355	1091.4823347825	0.6828719	0.75
7601.395461310536	750	11.075664882613466	0.0	411561	2750.2851608318597	0.005903961	0.75
7605.781906150714	750	10.689220042434826	0.0	318564	4386.4448401786385	0.03964083	0.75
7607.210289288532	300	13.260836904617644	0.0	153295	1428.3831378171815	0.58581674	-0.15000000000000002
7609.675119101954	300	14.796007091195783	0.0	173849	2464.829813421862	0.12092684	0.3
7611.922708876879	300	16.5484173162702	0.0	150710	2247.5897749255823	0.02149123	0.3
7613.383650321943	300	19.08747587120679	0.0	139105	1460.9414450634051	0.00545622	0.3
7614.581122059676	300	21.89000413347358	0.0	141840	1197.4717377332095	0.017148243	0.3
7615.595990962349	300	24.87513523080058	0.0	156148	1014.8689026730041	0.0368099	0.3
7616.764434477668	300	27.706691715481128	0.0	160746	1168.4435153194522	0.10344527	0.3
7618.431019272545	300	30.04010692060357	0.0	179801	1666.584794877555	0.20569248	0.3
7620.285937610892	300	32.18518858225701	0.0	140051	1854.918338346557	0.457534	0.3
7622.325318783382	300	34.14580740976668	0.0	138313	2039.381172490328	0.42982873	0.3
7627.506240655988	750	32.96488553715992	0.0	360831	5180.921872606765	0.61820936	0.3
7631.428256961751	750	33.04286923139789	0.0	372963	3922.01630576203	0.20404898	0.75
7632.797157870773	750	35.67396832237583	0.0	405596	1368.9009090220652	0.014952714	0.75
7635.3580445348725	1200	37.1130816582764	0.0	586839	2560.8866640994206	0.6888279	0.75
7640.384548438376	1200	36.0865777547718	0.0	601738	5026.5039035045975	0.027372347	1.2
7644.476600597394	1200	35.99452559575369	0.0	616206	4092.0521590181097	0.37173527	1.2
7650.072942109671	1200	34.39818408347729	0.0	656471	5596.341512276402	0.056631997	1.2
7657.619161984252	1200	30.85196420889663	0.0	536667	7546.219874580659	0.22226734	1.2
7662.238648581625	1200	30.232477611523766	0.0	587236	4619.486597372863	0.1655971	1.2
7667.061749540662	750	29.409376652486	0.0	379700	4823.100959037765	0.67849606	0.3
7672.266573995778	750	28.204552197369775	0.0	425781	5204.824455116226	0.006044676	0.75
7675.509898384773	750	28.96122780837469	0.0	277716	3243.3243889950863	0.0050324947	0.75
7681.668523371536	750	26.80260282161185	0.0	400396	6158.624986762841	0.004705182	0.75
7685.175536565259	750	27.29558962788899	0.0	400508	3507.0131937228616	0.004705182	0.75
7688.8512314424415	750	27.619894750706848	0.0	358218	3675.694877182142	0.0064434977	0.75
7691.469762611306	750	29.001363581843055	0.0	400322	2618.531168863793	0.0047147386	0.75
7694.508114622059	750	29.963011571088682	0.0	369834	3038.352010754374	0.1483716	0.75
7696.994441613626	750	31.47668457952254	0.0	412837	2486.3269915661417	0.09655147	0.75
7702.610087748694	1200	29.861038444454113	0.0	690253	5615.646135068431	0.6038307	0.75
7707.53624918029	1200	28.934877012858177	0.0	598727	4926.161431595935	0.040923145	1.2
7711.638996064972	1200	28.83213012817554	0.0	487812	4102.746884682639	0.021099249	1.2
7715.902791505528	1200	28.568334687619995	0.0	575591	4263.795440555548	0.026444513	1.2
7721.862581217734	1200	26.608544975413498	0.0	605884	5959.789712206497	0.008141227	1.2
7726.323276022965	1200	26.147850170182554	0.0	587506	4460.694805230941	0.02020453	1.2
7730.773979224474	1200	25.69714696867336	0.0	566904	4450.703201509198	0.006538514	1.2
7734.629414844452	1200	25.841711348695	0.0	641452	3855.4356199783565	0.0051963786	1.2
7741.829457152972	1200	22.64166904017584	0.0	599477	7200.042308519157	0.004705182	1.2
7747.139466284528	1200	21.331659908620374	0.0	634861	5310.009131555467	0.035215832	1.2
7753.2247280826505	1200	19.246398110497015	0.0	630203	6085.261798123362	0.006194696	1.2
7759.8191459948275	1200	16.651980198320405	0.0	638661	6594.417912176609	0.013763685	1.2
7769.307754506499	1200	11.163371686648913	0.0	538612	9488.608511671491	0.0814406	1.2
7771.066392274503	750	13.404733918643847	0.0	314107	1758.6377680050666	0.28686714	0.3

