0.8872836624630916	750	4.0	0.8872836624630916	450283	887.2836624630917	0.5	-3.065319748591294
1.7425251308645149	750	7.144758531598576	0.0	398865	855.2414684014233	0.032058984	0.75
2.514174594118642	750	10.37310906834445	0.0	350812	771.6494632541267	0.21090657	0.75
3.836229084861355	1200	13.051054577601736	0.0	617681	1322.0544907427134	0.22443391	0.75
5.377520723357638	1200	15.509762939105451	0.0	652874	1541.2916384962837	0.004705182	1.2
6.538504710302366	1200	18.34877895216072	0.0	520315	1160.9839869447278	0.004705182	1.2
7.727403891137945	1200	21.159879771325144	0.0	561791	1188.899180835579	0.004705182	1.2
9.15845640558546	1200	23.72882725687763	0.0	709534	1431.0525144475146	0.004705182	1.2
10.311658069091115	1200	26.575625593371974	0.0	584846	1153.2016635056557	0.11388437	1.2
13.250457036862601	2850	27.636826625600488	0.0	1429765	2938.7989677714872	0.6384653	1.2000000000000002
16.273948400766802	2850	28.613335261696285	0.0	1354548	3023.491363904201	0.004705182	2.85
19.622387667350978	2850	29.264895995112106	0.0	1519951	3348.439266584176	0.004705182	2.85
23.044147045287353	2850	29.84313661717573	0.0	1422919	3421.7593779363783	0.004814305	2.85
26.814263464445496	2850	30.07302019801759	0.0	1578343	3770.1164191581393	0.004705182	2.85
30.051988429265705	2850	30.83529523319738	0.0	1231445	3237.7249648202073	0.0048511554	2.85
33.539523334049925	2850	31.34776032841316	0.0	1471065	3487.5349047842237	0.004705182	2.85
36.92891870780241	2850	31.958364954660677	0.0	1491626	3389.395373752484	0.004705182	2.85
52.27789217335645	2850	20.60939148910664	0.0	1358801	15348.97346555404	0.004705182	2.85
54.33488565359459	300	22.552398008868497	0.0	165384	2056.9934802381395	0.5483408	-2.25
58.75903972659728	750	22.128243935865807	0.0	350713	4424.15407300269	0.5741681	0.3
60.34069070557647	750	24.54659295688662	0.0	386472	1581.6509789791887	0.035394397	0.75
62.084877327139125	1200	26.802406335323962	0.0	616206	1744.1866215626585	0.29798627	0.75
63.839072093321455	1200	29.048211569141632	0.0	656471	1754.1947661823294	0.004705182	1.2
65.37095338065728	1200	31.516330281805796	0.0	536667	1531.8812873358352	0.020841314	1.2
67.14674586985615	1200	33.740537792606936	0.0	587236	1775.7924891988634	0.0740014	1.2
69.07612204035136	1200	35.811161622111726	0.0	590335	1929.376170495203	0.2510354	1.2
71.39537530550177	1200	37.49190835696131	0.0	696376	2319.2532651504134	0.7971751	1.2
74.30154102148353	2850	38.585742640979554	0.0	1141971	2906.1657159817596	0.068682306	1.2000000000000002
78.85020286291882	2850	38.03708079954426	0.0	1498470	4548.661841435288	0.1944256	2.85
86.82900811020322	2850	34.05827555225987	0.0	1561263	7978.805247284395	0.04869451	2.85
91.64178162758385	2850	33.24550203487922	0.0	1341201	4812.773517380649	0.004705182	2.85
96.14296819078842	2850	32.74431547167467	0.0	1497683	4501.18656320456	0.004705182	2.85
101.55990886718435	2850	31.327374795278732	0.0	1358081	5416.940676395933	0.005246569	2.85
106.34668391126742	2850	30.540599751195668	0.0	1587293	4786.775044083065	0.004705182	2.85
111.96617887321818	2850	28.921104789244904	0.0	1492672	5619.494961950763	0.004705182	2.85
115.34931311035635	2850	29.537970552106746	0.0	1439896	3383.1342371381565	0.004705182	2.85
117.93991241516315	2850	30.947371247299934	0.0	1139291	2590.5993048068117	0.02939783	2.85
121.33687448150553	2850	31.550409180957562	0.0	1499009	3396.962066342371	0.05646888	2.85
126.15421428451577	4300	30.73306937794731	0.0	2133870	4817.339803010256	0.65032107	2.8499999999999996
131.1988406058636	4300	29.688443056599485	0.0	2146120	5044.626321347825	0.004705182	4.3
135.99611862722847	4300	28.891165035234607	0.0	2108491	4797.278021364877	0.004705182	4.3
140.74755252165002	4300	28.139731140813073	0.0	2184571	4751.433894421535	0.004705182	4.3
145.48894927178543	4300	27.398334390677665	0.0	2121928	4741.396750135408	0.004705182	4.3
150.3472482421568	4300	26.54003542030626	0.0	2219102	4858.2989703714065	0.004705182	4.3
156.09486587358728	4300	24.792417788875788	0.0	2124950	5747.617631430473	0.004705182	4.3
161.56452954835711	4300	23.322754114105944	0.0	2246506	5469.663674769844	0.004705182	4.3
165.75448561038425	4300	23.132798052078797	0.0	1961140	4189.9560620271495	0.004705182	4.3
169.8476266454753	4300	23.039657016987785	0.0	2155012	4093.141035091012	0.004705182	4.3

