524.8978790863481	750	4.0	2.1451274043719923	450283	2145.1274043719923	0.005891248	-8.474047838799567
526.9173561592743	750	5.9805229270739275	0.0	398865	2019.477072926073	0.004705182	0.75
532.2378839936789	750	4.65999509266922	0.0	350812	5320.527834404707	0.004705182	0.75
534.4690173497689	300	6.42886173657925	0.0	155432	2231.133356089969	0.0067450237	-0.15000000000000002
536.1947497712746	300	8.703129315073515	0.0	163442	1725.7324215057363	0.006757757	0.3
537.2904451528467	300	11.607433933501447	0.0	126289	1095.6953815720676	0.018887721	0.3
538.5763168502691	300	14.321562236079124	0.0	153295	1285.8716974223232	0.037010983	0.3
540.1046538471392	300	16.79322523920906	0.0	173849	1528.3369968700665	0.03479774	0.3
541.3210311216144	300	19.576847964733933	0.0	150710	1216.377274475127	0.024016958	0.3
542.4510706822722	300	22.446808404076144	0.0	139105	1130.03956065779	0.049497526	0.3
543.7645898390867	300	25.1332892472616	0.0	141840	1313.5191568145422	0.0329539	0.3
545.5649430486658	300	27.33293603768264	0.0	156148	1800.3532095789585	0.0800471	0.3
546.9344429490093	300	29.963436137339187	0.0	160746	1369.4999003434536	0.100571096	0.3
548.5579407115666	300	32.339938374781795	0.0	179801	1623.4977625573938	0.5258655	0.3
549.7345147036383	300	35.16336438271009	0.0	140051	1176.5739920716996	0.69680536	0.3
552.8545621695386	750	36.04331691680981	0.0	366214	3120.0474659002766	0.407139	0.3
555.6348030233522	750	37.26307606299628	0.0	360831	2780.2408538135383	0.004705182	0.75
559.8008148146231	750	37.09706427172531	0.0	372963	4166.011791270972	0.004705182	0.75
563.229111562629	750	37.66876752371943	0.0	405596	3428.2967480058687	0.004705182	0.75
567.538840690884	750	37.35903839546455	0.0	350713	4309.7291282548795	0.0048161657	0.75
572.1020724704862	750	36.79580661586234	0.0	386472	4563.231779602209	0.004705182	0.75
575.5800033594542	750	37.31787572689432	0.0	399894	3477.9308889680206	0.004705182	0.75
578.7281919275924	750	38.16968715875616	0.0	401853	3148.188568138159	0.0061038723	0.75
581.3520089645447	750	39.54587012180396	0.0	343800	2623.817036952204	0.022000108	0.75
584.2114070547334	750	40.68647203161518	0.0	359903	2859.3980901887735	0.06752805	0.75
587.2339578288745	750	41.663921257474136	0.0	379700	3022.550774141042	0.15280522	0.75
592.8773251448405	1200	40.02055394150807	0.0	696376	5643.36731596607	0.39671692	0.75
596.7483261274502	1200	40.14955295889833	0.0	487160	3871.000982609741	0.07103577	1.2
601.8065181260282	1200	39.09136096032031	0.0	622896	5058.19199857803	0.03525551	1.2
607.2159908871083	1200	37.681888199240234	0.0	641447	5409.472761080078	0.02369921	1.2
613.2193810748516	1200	35.678498011496984	0.0	570392	6003.390187743242	0.017734796	1.2
618.4315383560964	1200	34.46634073025217	0.0	620283	5212.157281244814	0.0723645	1.2
622.2130718909367	1200	34.68480719541201	0.0	584349	3781.533534840161	0.022244642	1.2
627.1696301985431	1200	33.72824888780568	0.0	670129	4956.558307606333	0.0047591133	1.2
632.486720857644	1200	32.411158228704714	0.0	690253	5317.0906591009625	0.005562921	1.2
637.0114068032207	1200	31.886472283128125	0.0	598727	4524.685945576586	0.0048595816	1.2
641.2589793571443	1200	31.6388997292044	0.0	487812	4247.572553923725	0.004705182	1.2
646.0641033393433	1200	30.83377574700539	0.0	575591	4805.123982199009	0.0064903414	1.2
652.9777102873215	1200	27.92016879902713	0.0	605884	6913.606947978259	0.005839673	1.2
660.1242459045018	1200	24.77363318184694	0.0	587506	7146.5356171801905	0.027541354	1.2
665.7298215879729	1200	23.168057498375724	0.0	566904	5605.575683471217	0.08629154	1.2
672.8158847205135	1200	20.081994365835115	0.0	641452	7086.063132540609	0.06068914	1.2
680.6544185052668	1200	16.243460581081855	0.0	599477	7838.533784753259	0.21113026	1.2
692.8748334827947	1200	8.023045603553987	0.0	634861	12220.41497752787	0.49092296	1.2
699.1241535709645	300	5.773725515384204	0.0	167025	6249.320088169782	0.004705182	-0.6000000000000001
705.1589921795295	300	4.0	0.2611130931808175	160064	6034.838608565022	0.004705182	-0.8227863006775151
710.0697587779248	300	4.0	0.9107665983952884	137507	4910.766598395288	0.004705182	-3.61629637309974
713.7219864589555	300	4.347772318969385	0.0	118421	3652.227681030615	0.004705182	0.3

