21618.31824296716	750	4.0	4.665178135276565	450283	4665.178135276565	0.0049712695	-19.31026598168923
21619.81707753505	300	6.501165432110702	0.0	155580	1498.8345678892972	0.02793754	-0.15000000000000002
21621.258606516963	300	9.059636450196395	0.0	139857	1441.5289819143081	0.03779979	0.3
21624.317889024787	300	10.000353942372927	0.0	155432	3059.282507823468	0.004831827	0.3
21628.382889531324	300	9.935353435839435	0.0	163442	4065.000506533491	0.005023486	0.3
21631.306429527307	300	11.011813439851737	0.0	126289	2923.539995987698	0.004705182	0.3
21634.168137618606	300	12.15010534855435	0.0	153295	2861.708091297388	0.004705182	0.3
21637.57120025144	300	12.747042715718758	0.0	173849	3403.0626328355916	0.004705182	0.3
21640.488966804165	300	13.829276162996456	0.0	150710	2917.766552722302	0.004705182	0.3
21643.084936088824	300	15.233306878338324	0.0	139105	2595.969284658131	0.004705182	0.3
21646.522934973586	300	15.795307993574422	0.0	141840	3437.9988847639015	0.004705182	0.3
21651.7183165601	300	14.599926407058215	0.0	156148	5195.381586516208	0.004705182	0.3
21655.94842404123	300	14.369818925929478	0.0	160746	4230.107481128735	0.004705182	0.3
21659.729352854676	300	14.588890112485023	0.0	179801	3780.9288134444546	0.004705182	0.3
21663.215757473325	300	15.102485493839552	0.0	140051	3486.404618645471	0.004705182	0.3
21667.498462709962	300	14.819780257200604	0.0	138313	4282.705236638948	0.004705182	0.3
21672.581591468243	300	13.736651498923296	0.0	143509	5083.128758277308	0.004705182	0.3
21675.92253365404	300	14.395709313123865	0.0	150616	3340.942185799432	0.004705182	0.3
21677.43001356217	300	16.88822940499606	0.0	165384	1507.4799081278047	0.004705182	0.3
21678.327589566925	300	19.990653400240554	0.0	140881	897.5760047555111	0.004705182	0.3
21679.220772705485	300	23.09747026167943	0.0	157671	893.1831385611233	0.034928717	0.3
21681.193220068028	750	25.125022899135566	0.0	399894	1972.4473625438663	0.5398706	0.3
21683.300949309214	750	27.01729365794588	0.0	401853	2107.729241189685	0.016327381	0.75
21685.138102586894	750	29.18014038026496	0.0	343800	1837.1532776809215	0.07067073	0.75
21686.495698373557	750	31.822544593604864	0.0	359903	1357.595786660093	0.30244094	0.75
21689.28270083745	1200	33.035542129710585	0.0	590335	2787.0024638942787	0.047381453	0.75
21693.00111050499	1200	33.31713246217417	0.0	696376	3718.4096675364144	0.004705182	1.2
21695.60833963059	1200	34.70990333656907	0.0	487160	2607.229125605105	0.004705182	1.2
21699.094816388268	1200	35.223426578895236	0.0	622896	3486.476757673834	0.004705182	1.2
21704.46122306853	1200	33.85701989863013	0.0	641447	5366.406680265109	0.004705182	1.2
21709.213397945095	1200	33.10484502206684	0.0	570392	4752.174876563288	0.005892097	1.2
21714.620362045225	1200	31.697880921936616	0.0	620283	5406.9641001302225	0.008270105	1.2
21719.3495793734	1200	30.96866359376246	0.0	584349	4729.217328174158	0.0091524385	1.2
21724.92375174083	1200	29.39449122633638	0.0	670129	5574.172367426081	0.012213068	1.2
21730.363691671668	1200	27.954551295496167	0.0	690253	5439.939930840213	0.018050328	1.2
21734.64839367238	1200	27.66984929478482	0.0	598727	4284.702000711346	0.011144374	1.2
21738.02337316367	1200	28.294869803494773	0.0	487812	3374.9794912900484	0.005838888	1.2
21741.907301146206	1200	28.410941820960833	0.0	575591	3883.9279825339413	0.0066394205	1.2
21745.12788457738	1200	29.190358389783746	0.0	605884	3220.5834311770873	0.004705182	1.2
21748.08775415429	1200	30.23048881287456	0.0	587506	2959.869576909182	0.005990193	1.2
21751.033638458688	1200	31.284604508477724	0.0	566904	2945.8843043968386	0.015949469	1.2
21754.430377830744	1200	31.887865136423546	0.0	641452	3396.739372054179	0.028691871	1.2
21759.920356549475	2850	30.39788641769266	0.0	1343002	5489.978718730884	0.122354016	1.2000000000000002
21769.1934315358	2850	25.124811431364275	0.0	1587250	9273.074986328385	0.004705182	2.85
21775.82648420723	2850	22.491758759934335	0.0	1464921	6633.05267142994	0.01599203	2.85
21782.509678777205	2850	19.808564189959718	0.0	1483527	6683.194569974619	0.004705182	2.85
21788.62445319587	2850	17.693789771295307	0.0	1231456	6114.774418664409	0.004705182	2.85
21795.55868636217	2850	14.759556604993955	0.0	1364537	6934.233166301353	0.004705182	2.85

