21799.568854436176	750	4.0	4.010168074006698	450283	4010.168074006698	0.10913487	-16.4937227182288
21800.74277252882	300	6.8260819073535774	0.0	155580	1173.9180926464226	0.24438463	-0.15000000000000002
21803.176121753808	750	8.392732682369962	0.0	350812	2433.3492249836154	0.4708469	0.3
21804.177363005223	300	11.391491430951984	0.0	155432	1001.2412514179787	0.56270564	-0.15000000000000002
21806.371811734338	750	13.197042701838848	0.0	411561	2194.4487291131372	0.62144876	0.3
21808.078887221476	750	15.48996721469889	0.0	318564	1707.075487139957	0.10894083	0.75
21809.870362482343	750	17.69849195383545	0.0	352642	1791.4752608634376	0.2726783	0.75
21812.16292060679	750	19.405933829388466	0.0	437162	2292.5581244469877	0.3081347	0.75
21814.16047403238	750	21.408380403797135	0.0	374758	1997.5534255913306	0.121325925	0.75
21816.104875955487	750	23.463978480689786	0.0	362795	1944.4019231073523	0.037152167	0.75
21817.88119202567	750	25.6876624105095	0.0	353220	1776.3160701802851	0.01601711	0.75
21819.393425620172	750	28.175428816007656	0.0	405134	1512.2335945018433	0.0055836327	0.75
21822.01539720347	1200	29.55345723270825	0.0	624282	2621.971583299409	0.24754591	0.75
21826.214243480088	1200	29.354610956092706	0.0	687371	4198.846276615543	0.08864261	1.2
21829.430203010772	1200	30.138651425407215	0.0	526950	3215.959530685493	0.6565583	1.2
21832.416898047173	1200	31.151956389005722	0.0	587876	2986.6950364014924	0.6840765	1.2
21835.41796695825	1200	32.15088747792568	0.0	617242	3001.06891108004	0.1549366	1.2
21837.96770442385	1200	33.60115001232908	0.0	581493	2549.7374655966014	0.04469529	1.2
21840.94513543247	1200	34.623719003705965	0.0	639204	2977.431008623116	0.006775868	1.2
21843.656030846312	1200	35.912823589864516	0.0	586839	2710.8954138414483	0.004705182	1.2
21846.284600330106	1200	37.28425410607171	0.0	601738	2628.569483792809	0.004705182	1.2
21849.437074680925	1200	38.13177975525353	0.0	616206	3152.47435081817	0.004705182	1.2
21852.668252888165	1200	38.90060154801083	0.0	656471	3231.1782072427	0.004705182	1.2
21855.54164230273	1200	40.027212133446966	0.0	536667	2873.3894145638674	0.004705182	1.2
21858.81474083965	1200	40.754113596528555	0.0	587236	3273.098536918407	0.004705182	1.2
21862.278684195713	1200	41.29017024046394	0.0	590335	3463.943356064621	0.004705182	1.2
21866.974816261183	1200	40.59403817499416	0.0	696376	4696.132065469778	0.004705182	1.2
21869.38742953013	1200	42.18142490604942	0.0	487160	2412.613268944738	0.004705182	1.2
21873.11108439192	1200	42.457770044261615	0.0	622896	3723.654861787809	0.004705182	1.2
21877.18819700284	1200	42.38065743334022	0.0	641447	4077.1126109213938	0.004705182	1.2
21880.412438404073	1200	43.15641603210769	0.0	570392	3224.241401232526	0.005428202	1.2
21883.899936031394	1200	43.66891840478539	0.0	620283	3487.4976273223106	0.0069097113	1.2
21887.976972260443	1200	43.59188217573585	0.0	584349	4077.0362290495414	0.011967703	1.2
21894.19309606168	1200	41.37575837449863	0.0	670129	6216.123801237211	0.006840454	1.2
21899.552635125667	1200	40.01621931051046	0.0	690253	5359.5390639881725	0.004705182	1.2
21906.152574460873	1200	37.41627997530154	0.0	598727	6599.939335208917	0.004705182	1.2
21914.631069460742	1200	32.93778497543325	0.0	487812	8478.494999868282	0.004705182	1.2
21920.361660730465	1200	31.207193705709912	0.0	575591	5730.591269723345	0.057265025	1.2
21926.279917323707	1200	29.288937112466254	0.0	605884	5918.25659324366	0.015287181	1.2
21931.987441443118	1200	27.58141299305669	0.0	587506	5707.524119409563	0.010316261	1.2
21937.360773905482	1200	26.208080530695234	0.0	566904	5373.332462361457	0.011846403	1.2
21943.78212019539	1200	23.786734240789833	0.0	641452	6421.346289905401	0.012660562	1.2
21950.725798111922	1200	20.843056324254704	0.0	599477	6943.67791653513	0.016223146	1.2
21956.507191265842	1200	19.061663170335194	0.0	634861	5781.393153919507	0.09189848	1.2
21962.840938820602	1200	16.727915615580102	0.0	630203	6333.747554755095	0.04667577	1.2
21969.385886345073	1200	14.182968091105199	0.0	638661	6544.947524474906	0.116633914	1.2
21972.83744163908	750	14.731412797096658	0.0	331053	3451.55529400854	0.42326963	0.3
21977.57944188613	750	13.989412550046618	0.0	314107	4742.00024705004	0.041504167	0.75

