17117.69009275739	750	4.0	4.722418988271614	450283	4722.418988271614	0.05543686	-19.55640164956794
17119.165698575667	300	6.524394181725228	0.0	155580	1475.6058182747722	0.023715336	-0.15000000000000002
17120.366159320125	300	9.323933437271	0.0	139857	1200.460744454228	0.039909523	0.3
17121.514325192806	300	12.175767564590338	0.0	155432	1148.1658726806618	0.0073769693	0.3
17122.631319507625	300	15.058773249770114	0.0	163442	1116.9943148202246	0.14505473	0.3
17123.569908267422	300	18.12018448997137	0.0	126289	938.5887597987467	0.34086344	0.3
17124.8482641424	300	20.841828614993144	0.0	153295	1278.3558749782233	0.067069165	0.3
17126.366584804276	300	23.32350795311607	0.0	173849	1518.320661877076	0.04535975	0.3
17127.545621562942	300	26.14447119445025	0.0	150710	1179.036758665817	0.08226778	0.3
17128.625212838953	300	29.064879918443197	0.0	139105	1079.5912760070573	0.32953805	0.3
17129.830847561672	300	31.859245195721783	0.0	141840	1205.6347227214121	0.45780364	0.3
17132.922809108375	750	32.76728364901724	0.0	405134	3091.961546704547	0.62261987	0.3
17136.115182406447	750	33.57491035094743	0.0	386351	3192.373298069806	0.01564806	0.75
17140.353264650807	750	33.33682810658736	0.0	434409	4238.082244360073	0.007162915	0.75
17144.21587455856	750	33.47421819883572	0.0	337059	3862.6099077516374	0.010974558	0.75
17148.27549645357	750	33.41459630382137	0.0	366214	4059.6218950143507	0.008853589	0.75
17154.24392333455	750	31.446169422843074	0.0	360831	5968.4268809782925	0.0062061828	0.75
17160.709401759847	750	28.980690997544936	0.0	372963	6465.478425298137	0.024260228	0.75
17165.9464475297	750	27.743645227694937	0.0	405596	5237.0457698499995	0.07348005	0.75
17169.125484096337	750	28.564608661056635	0.0	350713	3179.036566638306	0.012921389	0.75
17172.030627944034	750	29.65946481335909	0.0	386472	2905.1438476975463	0.004705182	0.75
17175.9871002695	750	29.70299248789301	0.0	399894	3956.4723254660785	0.004705182	0.75
17182.006063199722	750	27.684029557670893	0.0	401853	6018.962930222118	0.004705182	0.75
17186.984862131387	750	26.70523062600539	0.0	343800	4978.7989316655	0.005455459	0.75
17191.335392915502	750	26.3546998418903	0.0	359903	4350.530784115091	0.004705182	0.75
17196.03255828617	750	25.657534471219698	0.0	379700	4697.165370670606	0.004705182	0.75
17200.65992883348	750	25.03016392390917	0.0	425781	4627.370547310525	0.004705182	0.75
17203.770454520523	750	25.919638236867108	0.0	277716	3110.5256870420644	0.004705182	0.75
17208.421872017083	750	25.26822074030942	0.0	400396	4651.417496557687	0.004705182	0.75
17214.967553113784	750	22.722539643605757	0.0	400508	6545.681096703664	0.004705182	0.75
17220.772944300774	750	20.917148456616644	0.0	358218	5805.391186989113	0.011102547	0.75
17226.08854400541	750	19.601548751977724	0.0	400322	5315.599704638922	0.012843018	0.75
17231.160302079632	750	18.52979067775639	0.0	369834	5071.758074221334	0.0081518795	0.75
17236.66005327915	750	17.030039478237683	0.0	412837	5499.751199518709	0.00963268	0.75
17243.11049171082	750	14.579601046567456	0.0	401088	6450.438431670228	0.028578816	0.75
17246.07387373349	300	15.616219023897877	0.0	159914	2963.382022669578	0.32150307	-0.15000000000000002
17248.70832360232	300	16.98176915506626	0.0	131610	2634.4498688316166	0.11070318	0.3
17251.318450807943	300	18.371641949444456	0.0	124011	2610.1272056218054	0.06239034	0.3
17254.755570022764	300	18.934522734623588	0.0	144254	3437.1192148208684	0.07420646	0.3
17259.29289728014	300	18.397195477251017	0.0	149991	4537.327257372571	0.08684851	0.3
17262.118208139556	300	19.57188461783287	0.0	147968	2825.310859418152	0.06805067	0.3
17270.089964576102	750	15.600128181288818	0.0	384505	7971.756436544049	0.46257907	0.3
17273.708313618456	300	15.981779138936728	0.0	145210	3618.349042352091	0.1973569	-0.15000000000000002
17278.31523176917	300	15.374860988221823	0.0	172312	4606.918150714905	0.0520726	0.3
17282.93732358185	300	14.752769175545705	0.0	167025	4622.091812676118	0.06432776	0.3
17286.769817747183	300	14.920275010211535	0.0	160064	3832.4941653341707	0.10506437	0.3
17289.309660567495	300	16.380432189899622	0.0	137507	2539.8428203119156	0.1029468	0.3
17291.25795023247	300	18.432142524925933	0.0	118421	1948.2896649736892	0.21425506	0.3

