7417.077092909323	750	4.0	1.1823497891980714	450283	1182.3497891980714	0.0049984776	-4.334104093551707
7418.040933687497	750	7.036159221826023	0.0	398865	963.8407781739772	0.004705182	0.75
7419.055053334554	750	10.02203957476906	0.0	350812	1014.1196470569622	0.020992266	0.75
7420.148788107288	750	12.928304802034292	0.0	382355	1093.7347727347678	0.13084243	0.75
7421.223900801106	750	15.853192108217337	0.0	411561	1075.1126938169552	0.5312794	0.75
7422.339471194339	1200	18.73762171498384	0.0	520315	1115.5703932334964	0.09906459	0.75
7423.81426206512	1200	21.262830844202938	0.0	561791	1474.790870780902	0.004705182	1.2
7425.401536189782	1200	23.675556719541348	0.0	709534	1587.2741246615924	0.004705182	1.2
7426.976408276769	1200	26.100684632554245	0.0	584846	1574.8720869870979	0.0054223533	1.2
7428.358180785151	1200	28.718912124172626	0.0	560821	1381.7725083816226	0.005535679	1.2
7430.1469977021225	1200	30.930095207199912	0.0	607410	1788.8169169727128	0.013489182	1.2
7431.842905255639	1200	33.23418765368324	0.0	594078	1695.90755351667	0.0131677985	1.2
7433.255056543203	1200	35.82203636611959	0.0	624282	1412.1512875636558	0.051873904	1.2
7437.220310265322	2850	35.856782644000894	0.0	1578343	3965.2537221186944	0.36595917	1.2000000000000002
7440.341746328191	2850	36.7353465811322	0.0	1231445	3121.436062868703	0.004705182	2.85
7445.334457845426	2850	35.7426350638967	0.0	1471065	4992.711517235497	0.004705182	2.85
7448.990720322649	2850	36.0863725866742	0.0	1491626	3656.2624772224985	0.004705182	2.85
7452.421244684974	2850	36.655848224348475	0.0	1358801	3430.5243623257224	0.004705182	2.85
7456.809958553875	2850	36.267134355448015	0.0	1537156	4388.71386890046	0.004705182	2.85
7460.649905829796	2850	36.427187079526824	0.0	1336050	3839.9472759211876	0.004705182	2.85
7464.404440505277	2850	36.67265240404538	0.0	1415116	3754.534675481449	0.004705182	2.85
7467.740273854603	2850	37.33681905471978	0.0	1468126	3335.8333493255977	0.004705182	2.85
7472.005326002461	2850	37.071766906862095	0.0	1505760	4265.052147857685	0.0050485013	2.85
7475.570428646114	2850	37.5066642632095	0.0	1323990	3565.1026436525967	0.004705182	2.85
7479.256131997211	2850	37.82096091211255	0.0	1383735	3685.703351096957	0.0076547964	2.85
7484.03766942329	2850	37.03942348603347	0.0	1480464	4781.537426079079	0.00736174	2.85
7488.134610825016	2850	36.94248208430706	0.0	1547572	4096.941401726415	0.004721507	2.85
7490.5924301393	2850	38.48466277002333	0.0	1141971	2457.8193142837285	0.027309222	2.85
7493.942574475411	2850	39.13451843391204	0.0	1498470	3350.1443361112874	0.07411393	2.85
7497.764886233915	2850	39.31220667540752	0.0	1561263	3822.3117585045206	0.17450824	2.85
7501.238166117991	2850	39.83892679133198	0.0	1341201	3473.2798840755454	0.33838296	2.85
7504.468725885142	2850	40.608367024180914	0.0	1497683	3230.5597671510604	0.41762367	2.85
7509.1652011187825	4300	39.91189179054056	0.0	2191074	4696.475233640354	0.6024442	2.8499999999999996
7514.182846292224	4300	38.89424661709867	0.0	2286761	5017.6451734418915	0.004705182	4.3
7521.377183334555	4300	35.69990957476743	0.0	2307787	7194.33704233124	0.004705182	4.3
7530.3102433836775	4300	30.766849525644787	0.0	2143948	8933.060049122641	0.004705182	4.3
7537.142533208772	4300	27.934559700550636	0.0	1919781	6832.289825094153	0.02363485	4.3
7543.810750527662	4300	25.26634238166047	0.0	2147467	6668.217318890165	0.15603864	4.3
7552.445598343104	4300	20.63149456621833	0.0	2133870	8634.847815442141	0.16395427	4.3
7559.153747802652	2850	17.923345106669924	0.0	1402287	6708.149459548407	0.2755178	1.4000000000000001
7563.861930159116	2850	17.215162750206574	0.0	1339500	4708.182356463349	0.004705182	2.85
7568.78423485462	2850	16.292858054703174	0.0	1527299	4922.304695503401	0.004705182	2.85
7572.175479431758	2850	16.901613477565494	0.0	1343002	3391.2445771376815	0.004705182	2.85
7575.955262546765	2850	17.121830362558168	0.0	1587250	3779.783115007325	0.004705182	2.85
7579.424607449986	2850	17.652485459336685	0.0	1464921	3469.344903221485	0.009883858	2.85
7583.416534948508	2850	17.660557960814636	0.0	1483527	3991.9274985220495	0.08083063	2.85
7586.2932164309195	2850	18.783876478403478	0.0	1231456	2876.6814824111575	0.33228347	2.85
7589.718774424922	2850	19.358318484400066	0.0	1364537	3425.5579940034168	0.63136864	2.85

