14457.302376520674	750	4.0	6.3928079957343495	450283	6392.80799573435	0.0058772815	-26.7390743816577
14458.371464130412	300	6.93091239026107	0.0	155580	1069.0876097389298	0.004705182	-0.15000000000000002
14459.857238846897	300	9.445137673777062	0.0	139857	1485.7747164840077	0.14962226	0.3
14461.900798202678	300	11.40157831799436	0.0	155432	2043.559355782702	0.004705182	0.3
14463.936309056193	300	13.366067464480084	0.0	163442	2035.5108535142779	0.0065272567	0.3
14464.907617082104	300	16.39475943856815	0.0	126289	971.3080259119344	0.020488981	0.3
14465.954626167062	300	19.347750353610195	0.0	153295	1047.009084957957	0.015246603	0.3
14467.321401730525	300	21.98097479014698	0.0	173849	1366.7755634632117	0.021484293	0.3
14468.526699895061	300	24.77567662561142	0.0	150710	1205.2981645355596	0.02450779	0.3
14469.619320612488	300	27.683055908184816	0.0	139105	1092.6207174266062	0.19919577	0.3
14470.699749282581	300	30.602627238091486	0.0	141840	1080.4286700933287	0.24865358	0.3
14471.860678907266	300	33.441697613407875	0.0	156148	1160.9296246836136	0.5194743	0.3
14475.70990981875	750	33.59246670192358	0.0	386351	3849.2309114842924	0.61794895	0.3
14479.165814485552	750	34.13656203512123	0.0	434409	3455.9046668023557	0.03201828	0.75
14481.659543581743	750	35.642832938930226	0.0	337059	2493.729096191007	0.0058704284	0.75
14484.308566021311	750	36.99381049936377	0.0	366214	2649.0224395664527	0.004705182	0.75
14487.19925874565	750	38.103117775024465	0.0	360831	2890.692724339301	0.004705182	0.75
14490.790800546214	750	38.51157597446	0.0	372963	3591.541800564465	0.005935705	0.75
14493.701496279664	750	39.60088024101012	0.0	405596	2910.695733449884	0.004705182	0.75
14495.742198176857	750	41.560178343816965	0.0	350713	2040.7018971931566	0.020503033	0.75
14497.710475270125	750	43.591901250547764	0.0	386472	1968.2770932691972	0.24040394	0.75
14503.894967614327	1200	41.40740890634727	0.0	616206	6184.492344200495	0.5764207	0.75
14510.352328421659	1200	38.95004809901485	0.0	656471	6457.360807332425	0.4865369	1.2
14513.980993410745	1200	39.321383109928384	0.0	536667	3628.6649890864655	0.4441856	1.2
14517.75248611773	1200	39.549890402944364	0.0	587236	3771.492706984018	0.061028227	1.2
14522.303567922707	1200	38.99880859796604	0.0	590335	4551.081804978323	0.023392912	1.2
14527.534798070854	1200	37.76757844982017	0.0	696376	5231.230148145872	0.029312119	1.2
14530.453679042661	1200	38.848697478011815	0.0	487160	2918.8809718083535	0.009887275	1.2
14534.828235801308	1200	38.47414071936672	0.0	622896	4374.5567586450925	0.004705182	1.2
14538.746998729084	1200	38.5553777915912	0.0	641447	3918.762927775527	0.0061859824	1.2
14541.759022756009	1200	39.543353764666435	0.0	570392	3012.0240269247693	0.004705182	1.2
14544.901181056288	1200	40.40119546438845	0.0	620283	3142.158300277979	0.004705182	1.2
14551.104802347645	1200	38.197574173031086	0.0	584349	6203.621291357368	0.007134231	1.2
14557.973291515855	1200	35.32908500482126	0.0	670129	6868.48916820982	0.004705182	1.2
14562.692312808842	1200	34.61006371183545	0.0	690253	4719.021292985807	0.0061217677	1.2
14566.757587465345	1200	34.54478905533234	0.0	598727	4065.2746565031102	0.004705182	1.2
14570.420270361137	1200	34.88210615954006	0.0	487812	3662.682895792279	0.004705182	1.2
14574.732649663692	1200	34.56972685698392	0.0	575591	4312.379302556138	0.004705182	1.2
14585.440350519919	1200	27.862026000755897	0.0	605884	10707.700856228026	0.004705182	1.2
14597.292788033796	1200	20.009588486878368	0.0	587506	11852.437513877527	0.32408628	1.2
14600.496187083443	750	20.806189437230632	0.0	345516	3203.3990496477386	0.037297953	0.3
14603.966852843458	750	21.335523677215708	0.0	384505	3470.6657600149215	0.04746395	0.75
14607.02030931166	750	22.2820672090128	0.0	372093	3053.4564682029054	0.110307835	0.75
14610.254651837367	750	23.04772468330468	0.0	438281	3234.3425257081267	0.6767447	0.75
14614.64617477732	1200	22.656201743352838	0.0	630203	4391.52293995184	0.2925915	0.75
14617.802250571543	1200	23.50012594912997	0.0	638661	3156.075794222868	0.0047418936	1.2
14620.575315171649	1200	24.72706134902328	0.0	538612	2773.064600106692	0.008558166	1.2
14623.225094772037	1200	26.07728174863637	0.0	550906	2649.7796003869094	0.008150081	1.2

