2447.5665938756442	750	4.0	2.7931852023610926	450283	2793.1852023610927	0.004705182	-11.260696370152697
2449.0584398736764	750	6.508154001967959	0.0	398865	1491.84599803204	0.061830584	0.75
2450.3152332622026	750	9.2513606134416	0.0	350812	1256.793388526359	0.004705182	0.75
2451.4893800895675	750	12.077213786076983	0.0	382355	1174.146827364618	0.0047224336	0.75
2453.142667337463	750	14.423926538181128	0.0	411561	1653.2872478958568	0.03879902	0.75
2454.424671393224	750	17.14192248242011	0.0	318564	1282.0040557610164	0.016455704	0.75
2455.9552051504643	750	19.61138872518012	0.0	352642	1530.5337572399926	0.025478687	0.75
2457.9490658152686	750	21.617528060375765	0.0	437162	1993.8606648043587	0.014701996	0.75
2459.623101164787	750	23.94349271085736	0.0	374758	1674.0353495184013	0.015000954	0.75
2461.264503257053	750	26.30209061859153	0.0	362795	1641.4020922658322	0.043345805	0.75
2462.599548882641	750	28.9670449930038	0.0	353220	1335.0456255877273	0.13244967	0.75
2465.5437343089557	1200	30.022859566689004	0.0	594078	2944.1854263147975	0.68065614	0.75
2468.523216391032	750	31.04337748461326	0.0	386351	2979.4820820757445	0.1362363	0.3
2473.328209727303	750	30.23838414834172	0.0	434409	4804.993336271538	0.011274276	0.75
2478.608406775748	750	28.958187099896968	0.0	337059	5280.197048444753	0.0054543987	0.75
2484.1367063316225	750	27.429887544022648	0.0	366214	5528.299555874322	0.01832337	0.75
2486.9978440507434	750	28.568749824901435	0.0	360831	2861.1377191212114	0.120492086	0.75
2489.571272377505	750	29.99532149814015	0.0	372963	2573.4283267612846	0.005604473	0.75
2491.630984108215	750	31.93560976743	0.0	405596	2059.7117307101507	0.004705182	0.75
2493.3019959822605	750	34.26459789338482	0.0	350713	1671.0118740451826	0.030703872	0.75
2503.5640326451567	4300	28.00256123048858	0.0	2039773	10262.036662896237	0.4011759	0.75
2506.3156164439756	1200	29.250977431669202	0.0	616206	2751.5837988193794	0.057433784	-1.9000000000000001
2508.5048343040094	1200	31.061759571635434	0.0	656471	2189.217860033769	0.012025901	1.2
2510.007921905944	1200	33.55867196970081	0.0	536667	1503.0876019346267	0.004705182	1.2
2511.6996037911326	1200	35.86699008451248	0.0	587236	1691.6818851883315	0.0047771255	1.2
2513.796521762521	1200	37.770072113124165	0.0	590335	2096.917971388311	0.4873888	1.2
2516.100216299325	1200	39.466377576320575	0.0	696376	2303.694536803586	0.6354486	1.2
2520.040343909484	2850	39.52624996616133	0.0	1141971	3940.127610159242	0.17494921	1.2000000000000002
2525.5065875877854	2850	38.06000628785957	0.0	1498470	5466.243678301765	0.004705182	2.85
2532.5418859899078	2850	35.02470788573724	0.0	1561263	7035.298402122332	0.0056808167	2.85
2538.0229227192112	2850	33.543671156433525	0.0	1341201	5481.036729303713	0.004705182	2.85
2544.569044065974	2850	30.997549809670634	0.0	1497683	6546.121346762895	0.004705182	2.85
2549.487744742302	2850	30.07884913334302	0.0	1358081	4918.7006763276095	0.004705182	2.85
2556.016190208614	2850	27.550403667031134	0.0	1587293	6528.445466311888	0.004705182	2.85
2561.8625656159093	2850	25.704028259735647	0.0	1492672	5846.3754072954835	0.004705182	2.85
2567.552826496297	2850	24.01376737934782	0.0	1439896	5690.260880387834	0.004705182	2.85
2574.2276308974997	2850	21.338962978145457	0.0	1139291	6674.80440120236	0.004705182	2.85
2579.0095671421122	2850	20.557026733532904	0.0	1499009	4781.936244612551	0.004705182	2.85
2583.7521119398793	2850	19.81448193576606	0.0	1427478	4742.544797766845	0.004705182	2.85
2588.1185103078706	2850	19.44808356777463	0.0	1402287	4366.398367991426	0.004705182	2.85
2591.951591681365	2850	19.615002194280244	0.0	1339500	3833.0813734943886	0.004705182	2.85
2600.5329122944395	2850	15.033681581205686	0.0	1527299	8581.320613074558	0.004842549	2.85
2603.4190980642625	1200	16.14749581138284	0.0	599477	2886.185769822848	0.60801804	-0.44999999999999996
2607.6928991794125	1200	15.873694696232509	0.0	634861	4273.801115150329	0.012076692	1.2
2610.7633440109475	1200	16.803249864697165	0.0	630203	3070.444831535342	0.004705182	1.2
2613.035862542391	1200	18.530731333254224	0.0	638661	2272.5185314429414	0.08156895	1.2
2616.333438634665	2850	19.23315524097992	0.0	1231456	3297.5760922743057	0.097432226	1.2000000000000002
2621.2220352629593	2850	18.344558612685944	0.0	1364537	4888.596628293974	0.057995655	2.85

