4545.798244942848	750	4.0	1.6438931885945212	450283	1643.8931885945212	0.5396722	-6.31874071095644
4547.509169678053	750	6.289075264795886	0.0	398865	1710.924735204114	0.004705182	0.75
4549.276017336368	750	8.52222760648134	0.0	350812	1766.847658314546	0.004705182	0.75
4550.93663844603	750	10.86160649681881	0.0	382355	1660.6211096625318	0.010006276	0.75
4552.904002287175	750	12.894242655674041	0.0	411561	1967.3638411447678	0.0051592714	0.75
4554.821926965453	750	14.976317977395729	0.0	318564	1917.9246782783125	0.0058628055	0.75
4557.187016059722	750	16.611228883127016	0.0	352642	2365.089094268714	0.033617143	0.75
4559.3304486950465	750	18.467796247801893	0.0	437162	2143.4326353251236	0.15039012	0.75
4560.796573589132	750	21.001671353716688	0.0	374758	1466.1248940852065	0.011018174	0.75
4562.460211363353	750	23.338033579496173	0.0	362795	1663.637774220516	0.0066632438	0.75
4563.998642098708	750	25.799602844141063	0.0	353220	1538.4307353551085	0.0070236516	0.75
4565.764386957907	750	28.03385798494209	0.0	405134	1765.7448591989714	0.030984884	0.75
4567.311527785184	750	30.48671715766535	0.0	386351	1547.1408272767458	0.1604837	0.75
4570.151945527462	1200	31.6462994153867	0.0	687371	2840.41774227865	0.6828702	0.75
4572.460469818146	1200	33.33777512470307	0.0	526950	2308.5242906836347	0.011311491	1.2
4575.029749746306	1200	34.768495196542816	0.0	587876	2569.279928160251	0.006670225	1.2
4579.282106380547	1200	34.516138562301755	0.0	617242	4252.35663424106	0.004820593	1.2
4583.289175769493	1200	34.50906917335532	0.0	581493	4007.069388946431	0.050998773	1.2
4587.315910586685	1200	34.48233435616382	0.0	639204	4026.734817191503	0.10853999	1.2
4589.572595321573	750	36.225649621275544	0.0	350713	2256.684734888277	0.054337744	0.3
4593.437203075568	1200	36.361041867281514	0.0	601738	3864.607753994031	0.5454461	0.75
4598.547429865459	1200	35.250815077390044	0.0	616206	5110.226789891473	0.052823476	1.2
4603.749678308469	1200	34.04856663438021	0.0	656471	5202.248443009834	0.23684065	1.2
4608.609097827295	1200	33.18914711555473	0.0	536667	4859.41951882547	0.25242424	1.2
4611.888130568115	750	33.910114374734874	0.0	359903	3279.0327408198577	0.6610214	0.3
4614.097835178014	750	35.70040976483625	0.0	379700	2209.704609898624	0.027292756	0.75
4616.224637943695	750	37.57360699915531	0.0	425781	2126.802765680939	0.57382387	0.75
4618.042905676614	1200	39.755339266235275	0.0	487160	1818.267732920031	0.088659346	0.75
4619.971524971292	1200	41.82671997155827	0.0	622896	1928.6192946770095	0.0069596535	1.2
4629.192522011226	2850	36.605722931623205	0.0	1561263	9220.997039935064	0.38252524	1.2000000000000002
4635.474475616051	2850	34.32376932679816	0.0	1341201	6281.953604825046	0.32233554	2.85
4640.649241362647	2850	33.14900358020225	0.0	1497683	5174.765746595917	0.005231452	2.85
4646.133910517483	2850	31.66433442536618	0.0	1358081	5484.669154836064	0.004705182	2.85
4652.048213955573	2850	29.750030987275096	0.0	1587293	5914.303438091085	0.004705182	2.85
4656.061628539785	2850	29.73661640306404	0.0	1492672	4013.4145842110556	0.004705182	2.85
4660.570469575072	2850	29.227775367776907	0.0	1439896	4508.841035287132	0.004705182	2.85
4664.17894086249	2850	29.61930408035875	0.0	1139291	3608.4712874181564	0.004705182	2.85
4668.911191557098	2850	28.887053385750328	0.0	1499009	4732.250694608421	0.0047419276	2.85
4675.628010572179	2850	26.170234370669533	0.0	1427478	6716.819015080797	0.0077641997	2.85
4691.405055476075	2850	14.39318946677359	0.0	1402287	15777.044903895941	0.004705182	2.85
4695.3303829724	300	14.467861970449329	0.0	147968	3925.3274963242625	0.4896921	-2.25
4710.227817231132	750	4.0	0.4295722882829814	384505	14897.43425873231	0.5703442	-1.54716083961682
4716.468793749994	300	4.0	2.240976518861791	145210	6240.976518861791	0.004705182	-9.786199031105701
4723.798229078671	300	4.0	3.329435328677202	172312	7329.435328677202	0.004705182	-14.016571913311967
4730.40400356264	300	4.0	2.605774483969758	167025	6605.774483969758	0.004705182	-10.904830281069957
4736.804649358222	300	4.0	2.4006457955817315	160064	6400.645795581731	0.004705182	-10.022776921001444
4741.425391269661	300	4.0	0.6207419114394533	137507	4620.741911439453	0.004705182	-2.3691902191896492
4746.084416314731	300	4.0	0.6590250450699032	118421	4659.025045069903	0.004705182	-2.533807693800584

