11305.791253248162	750	4.0	3.478694088168143	450283	3478.694088168143	0.0047266544	-14.208384579123015
11306.996380415882	300	6.794872832282032	0.0	155580	1205.1271677179675	0.69158506	-0.15000000000000002
11307.80357355361	300	9.987679694553293	0.0	139857	807.1931377287391	0.5872243	0.3
11309.880613870728	750	11.910639377436901	0.0	382355	2077.0403171163925	0.42602652	0.3
11312.513666990868	750	13.277586257294944	0.0	411561	2633.0531201419562	0.039271913	0.75
11314.439530029296	750	15.351723218866276	0.0	318564	1925.8630384286682	0.09211718	0.75
11317.400529789093	750	16.390723459071705	0.0	352642	2960.9997597945694	0.42362338	0.75
11319.037217043668	300	18.754036204495822	0.0	173849	1636.6872545758818	0.6406368	-0.15000000000000002
11320.370323871288	300	21.4209293768755	0.0	150710	1333.1068276203262	0.15595248	0.3
11321.75762077104	300	24.03363247712345	0.0	139105	1387.2968997520493	0.17545569	0.3
11323.691536990991	300	26.099716257174194	0.0	141840	1933.9162199492553	0.11916962	0.3
11326.087005625142	300	27.704247623023726	0.0	156148	2395.468634150469	0.029703498	0.3
11328.88555051991	300	28.90570272825646	0.0	160746	2798.544894767268	0.017430244	0.3
11331.803267030573	300	29.98798621759427	0.0	179801	2917.7165106621887	0.018284896	0.3
11333.851433688877	300	31.939819559289003	0.0	140051	2048.1666583052647	0.02477162	0.3
11335.715135384758	300	34.07611786340784	0.0	138313	1863.7016958811619	0.050058056	0.3
11337.936393059297	300	35.854860188871115	0.0	143509	2221.2576745367237	0.1305419	0.3
11341.255564370687	300	36.535688877479174	0.0	150616	3319.1713113919373	0.20140725	0.3
11344.16245575072	300	37.628797497445895	0.0	165384	2906.891380033282	0.25263375	0.3
11346.457544932266	300	39.33370831590179	0.0	140881	2295.089181544104	0.67371416	0.3
11350.319529015725	750	39.471724232440785	0.0	386472	3861.984083460997	0.57431245	0.3
11352.848765238812	750	40.94248800935339	0.0	399894	2529.236223087402	0.004705182	0.75
11355.719528340063	750	42.071724908102226	0.0	401853	2870.7631012511615	0.017328355	0.75
11361.759658434457	750	40.031594813707635	0.0	343800	6040.13009439459	0.06364934	0.75
11365.735330044527	750	40.055923203639864	0.0	359903	3975.671610067775	0.004705182	0.75
11368.897421053392	750	40.89383219477458	0.0	379700	3162.0910088652804	0.010035618	0.75
11374.415933904516	750	39.375319343651086	0.0	425781	5518.512851123496	0.07013936	0.75
11377.147657485171	750	40.643595762994536	0.0	277716	2731.7235806565536	0.014337465	0.75
11380.38611327907	750	41.40513996909647	0.0	400396	3238.455793898068	0.04718283	0.75
11385.71458014636	1200	40.07667310180799	0.0	641447	5328.466867288477	0.6234281	0.75
11390.57806086304	1200	39.21319238512878	0.0	570392	4863.480716679211	0.02679352	1.2
11396.488953933807	1200	37.30229931436058	0.0	620283	5910.8930707682	0.03335268	1.2
11401.705729175743	1200	36.085524072425585	0.0	584349	5216.775241934997	0.03051725	1.2
11407.6824711654	1200	34.108782082768684	0.0	670129	5976.741989656906	0.016047034	1.2
11414.073250277137	1200	31.718002971032185	0.0	690253	6390.7791117364995	0.021314787	1.2
11420.524238397828	1200	29.26701485034267	0.0	598727	6450.988120689514	0.01988526	1.2
11425.690184628069	1200	28.10106862010069	0.0	487812	5165.946230241979	0.030730486	1.2
11431.649881466665	1200	26.141371781506567	0.0	575591	5959.696838594121	0.07758554	1.2
11438.510005033704	1200	23.281248214466782	0.0	605884	6860.1235670397855	0.07419998	1.2
11443.947178377346	1200	21.84407487082563	0.0	587506	5437.173343641154	0.22240695	1.2
11449.964552088684	1200	19.8267011594865	0.0	566904	6017.373711339129	0.08435206	1.2
11455.750679259276	1200	18.040573988893048	0.0	641452	5786.127170593453	0.29468906	1.2
11462.579282150306	1200	15.211971097862698	0.0	599477	6828.602891030351	0.13419788	1.2
11465.715369097934	750	16.075884150235705	0.0	438281	3136.08694762699	0.6082283	0.3
11468.658774884945	750	17.132478363224777	0.0	398987	2943.4057870109295	0.53751034	0.75
11472.485265801448	750	17.305987446720394	0.0	393804	3826.490916504383	0.67696786	0.75
11479.692423266266	1200	14.098829981902908	0.0	538612	7207.157464817488	0.39787152	0.75
11482.385974528157	750	15.405278720012138	0.0	314107	2693.551261890768	0.09808725	0.3

