2271.9687496493466	750	4.0	2.100206826790785	450283	2100.2068267907853	0.0077294023	-8.280889355200376
2274.486875755084	750	5.481873894263046	0.0	398865	2518.126105736954	0.004705182	0.75
2276.362387283137	750	7.60636236620974	0.0	350812	1875.511528053306	0.023619235	0.75
2278.2562623357326	750	9.712487313614304	0.0	382355	1893.8750525954374	0.07882956	0.75
2280.0558799157398	750	11.912869733607005	0.0	411561	1799.6175800072979	0.013936566	0.75
2281.5304947839413	750	14.438254865405787	0.0	318564	1474.6148682012185	0.0068027424	0.75
2283.012743209087	750	16.956006440259685	0.0	352642	1482.2484251461026	0.024523864	0.75
2284.9280443166963	750	19.04070533265044	0.0	437162	1915.3011076092423	0.016158061	0.75
2286.7022724623685	750	21.26647718697866	0.0	374758	1774.2281456717799	0.0068383357	0.75
2288.934899241409	750	23.033850407938292	0.0	362795	2232.6267790403695	0.0058287135	0.75
2290.6617197249357	750	25.30702992441152	0.0	353220	1726.82048352677	0.010473023	0.75
2292.4801311666292	750	27.48861848271808	0.0	405134	1818.4114416934392	0.007920018	0.75
2294.1675834991083	750	29.801166150238522	0.0	386351	1687.4523324795605	0.050532516	0.75
2295.8195421886294	750	32.14920746071744	0.0	434409	1651.9586895210775	0.2770899	0.75
2297.679619553174	1200	34.2891300961731	0.0	526950	1860.07736454434	0.3456234	0.75
2299.7711596371355	1200	36.19759001221138	0.0	587876	2091.5400839617214	0.004705182	1.2
2301.811743244406	1200	38.15700640494093	0.0	617242	2040.5836072704535	0.004705182	1.2
2304.0302396448924	1200	39.93851000445441	0.0	581493	2218.496400486517	0.005934417	1.2
2306.8766947470835	1200	41.09205490226334	0.0	639204	2846.455102191065	0.006292195	1.2
2309.4854191750646	1200	42.48333047428189	0.0	586839	2608.724427981449	0.006073698	1.2
2312.0267617352547	1200	43.94198791409179	0.0	601738	2541.3425601901026	0.0070329704	1.2
2314.6639770088236	1200	45.304772640522735	0.0	616206	2637.215273569053	0.010528257	1.2
2317.7284751265715	1200	46.24027452277518	0.0	656471	3064.498117747558	0.0139162	1.2
2320.225122896108	1200	47.74362675323816	0.0	536667	2496.6477695370177	0.019404229	1.2
2322.3944858782465	1200	49.57426377110018	0.0	587236	2169.3629821379823	0.019756095	1.2
2324.4777898559	1200	51.49095979344649	0.0	590335	2083.303977653687	0.3644286	1.2
2332.32492220521	2850	47.64382744413647	0.0	1547572	7847.132349310023	0.4741507	1.2000000000000002
2336.9912484866863	2850	46.97750116266029	0.0	1141971	4666.326281476183	0.004705182	2.85
2342.323873221267	2850	45.64487642807998	0.0	1498470	5332.624734580307	0.004705182	2.85
2349.0492976738938	2850	42.919451975453576	0.0	1561263	6725.424452626403	0.004705182	2.85
2357.8103941892145	2850	38.15835546013307	0.0	1341201	8761.096515320503	0.004705182	2.85
2375.0945443658816	2850	24.87420528346586	0.0	1497683	17284.15017666722	0.008514061	2.85
2378.2196869353297	1200	25.749062714017303	0.0	584349	3125.142569448557	0.032100018	-0.44999999999999996
2382.6685780223174	1200	25.3001716270297	0.0	670129	4448.891086987603	0.004705182	1.2
2386.310660264181	1200	25.65808938516643	0.0	690253	3642.0822418632697	0.004705182	1.2
2388.711789237765	1200	27.256960411582128	0.0	598727	2401.1289735843025	0.004705182	1.2
2391.310859645097	1200	28.657890004250056	0.0	487812	2599.0704073320694	0.0077606835	1.2
2393.601992159797	1200	30.36675748954979	0.0	575591	2291.1325147002685	0.01564509	1.2
2395.5223605600872	1200	32.44638908926024	0.0	605884	1920.368400289552	0.018132612	1.2
2399.87564933706	2850	32.09310031228714	0.0	1402287	4353.2887769730905	0.1733214	1.2000000000000002
2404.352466333076	2850	31.61628331627167	0.0	1339500	4476.8169960154755	0.070281796	2.85
2409.4883774222776	2850	30.480372227069758	0.0	1527299	5135.911089201912	0.1436945	2.85
2415.1952499281288	2850	28.773499721218627	0.0	1343002	5706.872505851131	0.33179042	2.85
2422.4852413371614	2850	25.483508312185943	0.0	1587250	7289.9914090326865	0.050373122	2.85
2428.227950475262	2850	23.740799174085588	0.0	1464921	5742.709138100356	0.010148017	2.85
2433.805303697401	2850	22.163445951946617	0.0	1483527	5577.353222138968	0.011831618	2.85
2438.9947062876035	2850	20.974043361744265	0.0	1231456	5189.402590202353	0.017411686	2.85
2444.773408673283	2850	19.19534097606439	0.0	1364537	5778.702385679871	0.004705182	2.85

