15518.700690564154	750	4.0	5.127185897414645	450283	5127.185897414644	0.5561777	-21.29689935888297
15520.593972065408	300	6.106718498746048	0.0	155580	1893.2815012539522	0.00912988	-0.15000000000000002
15522.236933967712	300	8.463756596441497	0.0	139857	1642.961902304551	0.0065345387	0.3
15524.075890614871	300	10.624799949282068	0.0	155432	1838.9566471594298	0.004705182	0.3
15526.102150811601	300	12.598539752552488	0.0	163442	2026.2601967295793	0.0073009618	0.3
15527.310801386968	300	15.389889177186298	0.0	126289	1208.6505753661886	0.014209894	0.3
15529.257074389714	300	17.44361617443911	0.0	153295	1946.2730027471887	0.0061489553	0.3
15531.449761814678	300	19.250928749475584	0.0	173849	2192.6874249635252	0.004705182	0.3
15533.365004808555	300	21.335685755600014	0.0	150710	1915.2429938755702	0.004772844	0.3
15534.833344033637	300	23.86734653051648	0.0	139105	1468.339225083535	0.009291468	0.3
15536.080023530818	300	26.62066703333677	0.0	141840	1246.6794971797092	0.017177861	0.3
15537.56003916983	300	29.1406513943253	0.0	156148	1480.0156390114662	0.0402395	0.3
15539.035449937035	300	31.665240627120642	0.0	160746	1475.4107672046582	0.070094794	0.3
15541.205719317803	300	33.49497124635227	0.0	179801	2170.269380768368	0.34265554	0.3
15544.939211905312	750	33.76147865884283	0.0	337059	3733.4925875094423	0.41804162	0.3
15548.80459162227	750	33.89609894188383	0.0	366214	3865.3797169590066	0.041558534	0.75
15553.733917179265	750	32.96677338488963	0.0	360831	4929.325556994204	0.011791352	0.75
15558.555667274064	750	32.14502329009077	0.0	372963	4821.750094798853	0.027466811	0.75
15561.865316152125	750	32.835374412029125	0.0	405596	3309.648878061652	0.017642912	0.75
15564.283440964864	750	34.4172495992899	0.0	350713	2418.124812739213	0.004705182	0.75
15566.920812621063	750	35.77987794309237	0.0	386472	2637.3716561975284	0.0050078565	0.75
15569.944658917448	750	36.756031646706724	0.0	399894	3023.846296385649	0.01089511	0.75
15572.927501836542	750	37.77318872761179	0.0	401853	2982.8429190949337	0.018664125	0.75
15575.568014253544	750	39.132676310609504	0.0	343800	2640.512417002291	0.07906839	0.75
15578.817024211376	750	39.88366635277868	0.0	359903	3249.0099578308227	0.10897215	0.75
15581.756343027755	750	40.944347536398475	0.0	379700	2939.3188163802047	0.07554343	0.75
15585.8608568462	750	40.83983371795378	0.0	425781	4104.5138184447005	0.42478195	0.75
15590.165515381046	750	40.535175183109054	0.0	277716	4304.658534844724	0.3906984	0.75
15597.504805428083	750	37.19588513607064	0.0	400396	7339.290047038407	0.02812085	0.75
15604.627734736609	750	34.072955827546075	0.0	400508	7122.929308524578	0.0053653233	0.75
15611.905036101567	750	30.79565446258871	0.0	358218	7277.301364957362	0.004705182	0.75
15619.476174499305	750	27.22451606485124	0.0	400322	7571.138397737473	0.004705182	0.75
15625.54632179391	750	25.154368770246197	0.0	369834	6070.14729460504	0.004705182	0.75
15635.00412745974	750	19.69656310441587	0.0	412837	9457.805665830329	0.004705182	0.75
15647.468841545255	750	11.231849018902407	0.0	401088	12464.714085513462	0.058256436	0.75
15651.050719949302	300	11.649970614855963	0.0	159914	3581.8784040464434	0.004705182	-0.15000000000000002
15653.483879372536	300	13.216811191621476	0.0	131610	2433.159423234486	0.004705182	0.3
15655.457413613945	300	15.243276950211886	0.0	124011	1973.5342414095912	0.0048468797	0.3
15657.08815276989	300	17.612537794266668	0.0	144254	1630.7391559452194	0.005800882	0.3
15659.300533925838	300	19.400156638317902	0.0	149991	2212.381155948764	0.25412643	0.3
15661.658357758695	300	21.042332805462134	0.0	147968	2357.8238328557673	0.5533646	0.3
15664.147018639498	300	22.553671924659074	0.0	161857	2488.660880803062	0.69237876	0.3
15671.444582312628	750	19.256108251528584	0.0	372093	7297.5636731304885	0.56477356	0.3
15675.020467497225	300	19.68022306693375	0.0	172312	3575.8851845948375	0.5184944	-0.15000000000000002
15681.013868127191	750	17.686822436966533	0.0	398987	5993.400629967214	0.6321786	0.3
15684.981849150337	750	17.71884141382133	0.0	393804	3967.981023145202	0.029719181	0.75
15688.0451256478	750	18.655564916358355	0.0	331053	3063.276497462976	0.011546176	0.75
15691.595642050092	750	19.105048514067885	0.0	314107	3550.5164022904673	0.032916214	0.75

