15863.034550474005	750	4.0	3.5333118074124745	450283	3533.3118074124745	0.005683736	-14.44324077187364
15864.52945931172	300	6.5050911622846534	0.0	155580	1494.9088377153469	0.695851	-0.15000000000000002
15866.10528701353	300	8.929263460473335	0.0	139857	1575.827701811319	0.15189186	0.3
15868.130091840565	300	10.904458633439283	0.0	155432	2024.804827034051	0.007418236	0.3
15869.633694910674	300	13.400855563331891	0.0	163442	1503.6030701073907	0.017547887	0.3
15870.83857118493	300	16.19597928907646	0.0	126289	1204.8762742554352	0.0765891	0.3
15872.288965247133	300	18.74558522687229	0.0	153295	1450.394062204169	0.013727875	0.3
15873.724795699285	300	21.309754774720513	0.0	173849	1435.830452151775	0.014315474	0.3
15874.96430193385	300	24.070248540156538	0.0	150710	1239.5062345639758	0.05922092	0.3
15876.497773243913	300	26.53677723009151	0.0	139105	1533.4713100650313	0.09513817	0.3
15878.690786453702	300	28.343764020303315	0.0	141840	2193.013209788196	0.045312718	0.3
15881.462099775747	300	29.572450698258308	0.0	156148	2771.3133220450077	0.030019209	0.3
15883.87868699612	300	31.155863477883354	0.0	160746	2416.5872203749545	0.032779507	0.3
15885.816505411294	300	33.218045062711184	0.0	179801	1937.8184151721646	0.04911659	0.3
15887.091970112515	300	35.94258036148803	0.0	140051	1275.4647012231558	0.25607657	0.3
15888.322050407553	300	38.71250006645032	0.0	138313	1230.0802950377085	0.6897514	0.3
15892.207025990585	750	38.827524483417825	0.0	360831	3884.9755830324966	0.29787725	0.3
15899.27498624539	750	35.75956422861206	0.0	372963	7067.960254805769	0.004851671	0.75
15903.701044309122	750	35.3335061648796	0.0	405596	4426.058063732454	0.06975143	0.75
15907.084419425251	750	35.95013104875137	0.0	350713	3383.3751161282253	0.0048682787	0.75
15910.062817010803	750	36.9717334631989	0.0	386472	2978.3975855524777	0.004705182	0.75
15913.340207612544	750	37.6943428614586	0.0	399894	3277.3906017403024	0.005255082	0.75
15916.646097146117	750	38.38845332788588	0.0	401853	3305.8895335727225	0.010634723	0.75
15919.520546039861	750	39.51400443414227	0.0	343800	2874.4488937436113	0.025505524	0.75
15922.348545934652	750	40.68600453935054	0.0	359903	2827.999894791729	0.050087348	0.75
15925.540594768148	750	41.4939557058551	0.0	379700	3192.048833495441	0.10987659	0.75
15932.225637717691	1200	38.80891275631315	0.0	696376	6685.042949541956	0.2197546	0.75
15934.44419376944	750	40.590356704564314	0.0	277716	2218.5560517488348	0.33718735	0.3
15937.580451454518	750	41.45409901948631	0.0	400396	3136.25768507801	0.40984744	0.75
15941.233029191424	750	41.80152128258085	0.0	400508	3652.5777369054563	0.6957029	0.75
15946.584610671063	1200	40.4499398029395	0.0	570392	5351.581479641356	0.6954005	0.75
15952.147492405158	1200	38.88705806884651	0.0	620283	5562.881734092988	0.021359453	1.2
15957.04113654053	1200	37.993413933473484	0.0	584349	4893.6441353730215	0.013647893	1.2
15962.610208666521	1200	36.424341807482385	0.0	670129	5569.072125991102	0.008290995	1.2
15969.55468165143	1200	33.479868822573316	0.0	690253	6944.472984909073	0.009239485	1.2
15974.565430800109	1200	32.46911967389498	0.0	598727	5010.749148678336	0.014522945	1.2
15981.318624991585	1200	29.71592548241839	0.0	487812	6753.1941914765885	0.006576497	1.2
15987.652664715064	1200	27.38188575893907	0.0	575591	6334.039723479315	0.099083155	1.2
15994.750697094341	1200	24.2838533796615	0.0	605884	7098.03237927757	0.06102987	1.2
16003.400362054837	1200	19.634188419164552	0.0	587506	8649.664960496948	0.1823009	1.2
16006.728814980308	750	20.30573549369545	0.0	345516	3328.4529254690997	0.5878649	0.3
16009.693448828475	750	21.34110164552715	0.0	384505	2964.6338481683015	0.04488579	0.75
16012.734881242894	750	22.299669231109977	0.0	372093	3041.4324144171737	0.43355405	0.75
16018.058837736216	1200	20.97571273778638	0.0	634861	5323.956493323597	0.6619147	0.75
16023.026944950452	1200	20.00760552355222	0.0	630203	4968.107214234162	0.032254815	1.2
16028.92738451884	1200	18.107165955165282	0.0	638661	5900.439568386937	0.012009572	1.2
16033.621725392735	1200	17.41282508126937	0.0	538612	4694.340873895908	0.030703451	1.2
16037.965477661817	1200	17.06907281218699	0.0	550906	4343.7522690823835	0.08005425	1.2

