11490.248937487264	750	4.0	7.862962959107444	450283	7862.962959107444	0.08784123	-33.06074072416201
11491.81426660612	300	6.434670881144126	0.0	155580	1565.3291188558746	0.004705182	-0.15000000000000002
11493.217040621352	300	9.03189686591194	0.0	139857	1402.7740152321862	0.004705182	0.3
11495.103640103871	300	11.1452973833924	0.0	155432	1886.5994825195382	0.004705182	0.3
11496.570615440936	300	13.678322046325858	0.0	163442	1466.9753370665421	0.004830277	0.3
11497.478989127134	300	16.76994836013036	0.0	126289	908.373686195497	0.036449652	0.3
11499.512726031391	300	18.736211455873285	0.0	153295	2033.7369042570776	0.013457973	0.3
11503.209815862303	300	19.03912162496144	0.0	173849	3697.08983091185	0.004705182	0.3
11505.819641901036	300	20.429295586227582	0.0	150710	2609.826038733857	0.004705182	0.3
11507.006478599742	300	23.242458887522258	0.0	139105	1186.8366987053223	0.005130438	0.3
11508.157464914093	300	26.091472573172037	0.0	141840	1150.9863143502198	0.025777899	0.3
11509.401041476282	300	28.847896010983945	0.0	156148	1243.576562188093	0.036626425	0.3
11510.682087845122	300	31.566849642143406	0.0	160746	1281.0463688405398	0.12854917	0.3
11512.792748398773	300	33.45618908849169	0.0	179801	2110.6605536517113	0.61521745	0.3
11514.392753389377	300	35.856184097888665	0.0	140051	1600.0049906030258	0.44538116	0.3
11515.950591974528	300	38.29834551273672	0.0	138313	1557.838585151951	0.69628865	0.3
11520.261801905655	750	37.987135581608506	0.0	360831	4311.209931128216	0.39158267	0.3
11523.269381216598	750	38.97955627066529	0.0	372963	3007.5793109432148	0.0077629886	0.75
11525.522449521091	750	40.72648796617289	0.0	405596	2253.068304492401	0.004705182	0.75
11528.212156369062	750	42.0367811182018	0.0	350713	2689.706847971084	0.04800762	0.75
11530.761888363766	750	43.48704912349929	0.0	386472	2549.731994702514	0.02407563	0.75
11534.039397937886	750	44.20953954937881	0.0	399894	3277.5095741204786	0.24370846	0.75
11536.693976684646	750	45.554960802617714	0.0	401853	2654.5787467610908	0.23964907	0.75
11539.163529003261	1200	47.085408484004596	0.0	536667	2469.5523186131204	0.65446085	0.75
11541.56082292925	1200	48.688114558014924	0.0	587236	2397.293925989674	0.004705182	1.2
11544.321538462606	1200	49.927399024659955	0.0	590335	2760.715533354965	0.00797359	1.2
11547.2219663147	1200	51.026971172563584	0.0	696376	2900.427852096374	0.009412231	1.2
11549.153427710191	1200	53.09550977707411	0.0	487160	1931.4613954894771	0.120445214	1.2
11556.724601959913	2850	49.52433552735031	0.0	1498470	7571.174249723802	0.6549711	1.2000000000000002
11565.977439853094	2850	44.271497634172135	0.0	1561263	9252.837893178174	0.004705182	2.85
11584.54403395507	2850	29.704903532196152	0.0	1341201	18566.59410197598	0.009739166	2.85
11589.940648616392	1200	28.30828887087323	0.0	620283	5396.61466132292	0.058644652	-0.44999999999999996
11592.803644919477	1200	29.44529256778831	0.0	584349	2862.9963030849203	0.02097949	1.2
11595.37231913587	1200	30.876618351395884	0.0	670129	2568.674216392427	0.004705182	1.2
11599.565947489575	1200	30.68298999769084	0.0	690253	4193.628353705044	0.004705182	1.2
11603.161019759069	1200	31.087917728197564	0.0	598727	3595.072269493275	0.004705182	1.2
11608.005552435741	1200	30.243385051525376	0.0	487812	4844.532676672189	0.016607018	1.2
11611.80320244113	1200	30.44573504613571	0.0	575591	3797.650005389667	0.004705182	1.2
11616.088469495924	1200	30.160467991341516	0.0	605884	4285.267054794194	0.004705182	1.2
11620.882825095883	1200	29.36611239138236	0.0	587506	4794.355599959159	0.004705182	1.2
11625.182557496362	1200	29.066379990903044	0.0	566904	4299.732400479313	0.004705182	1.2
11630.133874245796	1200	28.115063241467897	0.0	641452	4951.316749435147	0.004705182	1.2
11634.281461337665	1200	27.967476149599605	0.0	599477	4147.587091868292	0.004934496	1.2
11640.9628809751	1200	25.286056512165057	0.0	634861	6681.419637434548	0.005058668	1.2
11645.519326282232	1200	24.729611205031794	0.0	630203	4556.445307133264	0.005762304	1.2
11648.553694134936	1200	25.695243352328855	0.0	638661	3034.3678527029388	0.004705182	1.2
11651.157165535406	1200	27.091771951860093	0.0	538612	2603.4714004687635	0.026565567	1.2
11653.880008131016	1200	28.36892935625022	0.0	550906	2722.842595609873	0.055738464	1.2

