6014.463674636056	750	4.0	3.252274383373264	450283	3252.2743833732643	0.63293767	-13.234779848505035
6015.437534555217	300	7.026140080838887	0.0	155580	973.8599191611128	0.47634232	-0.15000000000000002
6017.193457707465	750	9.270216928590129	0.0	350812	1755.923152248758	0.39472094	0.3
6018.646612015355	750	11.817062620701272	0.0	382355	1453.154307888858	0.06221008	0.75
6020.362428969405	750	14.101245666650582	0.0	411561	1715.8169540506892	0.0053727087	0.75
6021.473338797349	750	16.99033583870658	0.0	318564	1110.9098279440013	0.0112200575	0.75
6022.578787739613	750	19.884886896442783	0.0	352642	1105.448942263802	0.019431762	0.75
6024.326476341695	750	22.137198294360985	0.0	437162	1747.6886020818001	0.28120142	0.75
6025.802926540309	750	24.660748095746126	0.0	374758	1476.4501986148557	0.17061827	0.75
6028.449981752359	1200	26.013692883696358	0.0	560821	2647.0552120497714	0.4642065	0.75
6031.31815150924	1200	27.14552312681585	0.0	607410	2868.1697568805057	0.1935215	1.2
6034.007905025872	1200	28.455769610184905	0.0	594078	2689.753516630943	0.13351364	1.2
6036.131504355208	1200	30.332170280848306	0.0	624282	2123.5993293366	0.09658468	1.2
6038.897468605503	1200	31.566206030554117	0.0	687371	2765.964250294191	0.00489209	1.2
6041.081679246072	1200	33.38199538998477	0.0	526950	2184.210640569344	0.004820434	1.2
6045.561429670749	1200	32.90224496530689	0.0	587876	4479.750424677888	0.004705182	1.2
6048.108164494173	1200	34.35551014188288	0.0	617242	2546.7348234240108	0.17711419	1.2
6050.49213073553	1200	35.971543900526505	0.0	581493	2383.9662413563715	0.004705182	1.2
6053.211286712453	1200	37.25238792360227	0.0	639204	2719.155976924235	0.004705182	1.2
6055.569568651919	1200	38.89410598413665	0.0	586839	2358.2819394656217	0.004705182	1.2
6057.869743619912	1200	40.59393101614427	0.0	601738	2300.174967992385	0.004705182	1.2
6060.386588122054	1200	42.07708651400186	0.0	616206	2516.844502142404	0.006919733	1.2
6063.20939727903	1200	43.25427735702591	0.0	656471	2822.8091569759476	0.0067994976	1.2
6065.795945711533	1200	44.66772892452274	0.0	536667	2586.5484325031684	0.010358267	1.2
6069.8314629674	1200	44.63221166865563	0.0	587236	4035.5172558671147	0.0129861925	1.2
6073.9578633699	1200	44.50581126615564	0.0	590335	4126.400402499992	0.0049692984	1.2
6079.376665207788	1200	43.08700942826691	0.0	696376	5418.801837888731	0.004705182	1.2
6082.494861195654	1200	43.96881344040108	0.0	487160	3118.195987865827	0.004705182	1.2
6085.679090891023	1200	44.78458374503239	0.0	622896	3184.22969536868	0.004705182	1.2
6088.689805463297	1200	45.77386917275888	0.0	641447	3010.714572273513	0.004989209	1.2
6091.564579111308	1200	46.89909552474675	0.0	570392	2874.7736480121293	0.01412568	1.2
6095.922248154393	1200	46.54142648166239	0.0	620283	4357.669043084357	0.024706021	1.2
6101.077475924008	1200	45.38619871204848	0.0	584349	5155.227769613909	0.012037266	1.2
6104.968959757939	1200	45.49471487811691	0.0	670129	3891.4838339315725	0.005148014	1.2
6107.368512059643	1200	47.09516257641339	0.0	690253	2399.5523017035243	0.014870146	1.2
6113.725697104492	2850	44.73797753156492	0.0	1439896	6357.18504484846	0.2524584	1.2000000000000002
6119.275762804884	2850	43.18791183117234	0.0	1139291	5550.06570039258	0.004705182	2.85
6128.770971316079	2850	37.69270331997637	0.0	1499009	9495.208511195975	0.004705182	2.85
6138.283581911283	2850	32.180092724772145	0.0	1427478	9512.610595204224	0.004705182	2.85
6143.363562078915	2850	31.10011255714094	0.0	1402287	5079.980167631205	0.0060170228	2.85
6148.95870431686	2850	29.50497031919546	0.0	1339500	5595.142237945478	0.004705182	2.85
6153.701757906835	2850	28.761916729219543	0.0	1527299	4743.053589975922	0.004705182	2.85
6157.871035660534	2850	28.59263897552134	0.0	1343002	4169.277753698205	0.004705182	2.85
6172.537284755762	2850	17.92638988029399	0.0	1587250	14666.249095227353	0.004705182	2.85
6176.155067226311	1200	18.30860740974435	0.0	630203	3617.782470549636	0.004868701	-0.44999999999999996
6181.289204936918	1200	17.174469699137063	0.0	638661	5134.13771060729	0.004705182	1.2
6185.402306657511	1200	17.061367978545363	0.0	538612	4113.101720591696	0.004705182	1.2
6188.450233473252	1200	18.013441162803495	0.0	550906	3047.926815741868	0.004705182	1.2

