12339.352559525561	750	4.0	3.974865311257283	450283	3974.865311257283	0.10192368	-16.341920838406317
12340.529678548985	300	6.822880976576757	0.0	155580	1177.1190234232433	0.27492025	-0.15000000000000002
12341.411868371935	300	9.94069115362493	0.0	139857	882.1898229518268	0.47611523	0.3
12342.418347942948	300	12.934211582611233	0.0	155432	1006.4795710136967	0.13721265	0.3
12343.447430530176	300	15.905128995383992	0.0	163442	1029.0825872272417	0.5664424	0.3
12345.00967595076	750	18.342883574799668	0.0	318564	1562.2454205843242	0.6521937	0.3
12346.59486763577	750	20.75769188979019	0.0	352642	1585.1916850094735	0.19797926	0.75
12348.645067042655	750	22.70749248290644	0.0	437162	2050.199406883751	0.067112446	0.75
12350.24881990205	750	25.103739623510744	0.0	374758	1603.7528593956943	0.026632858	0.75
12351.899953789225	750	27.45260573633598	0.0	362795	1651.1338871747653	0.009408222	0.75
12355.162998789136	750	28.189560736425218	0.0	353220	3263.0449999107623	0.023097277	0.75
12356.695659143063	750	30.656900382497465	0.0	405134	1532.6603539277542	0.011827447	0.75
12358.500059017046	750	32.85250050851389	0.0	386351	1804.3998739835743	0.25510722	0.75
12360.6210797741	750	34.731479751459624	0.0	434409	2121.020757054268	0.32201946	0.75
12362.474797678862	750	36.87776184669768	0.0	337059	1853.7179047619445	0.61692214	0.75
12364.355459398994	750	38.99710012656557	0.0	366214	1880.6617201321092	0.43002823	0.75
12366.01776972495	750	41.33478980061223	0.0	360831	1662.3103259533418	0.5467891	0.75
12368.932286489027	1200	42.42027303653484	0.0	581493	2914.516764077385	0.21942379	0.75
12372.5638772127	1200	42.78868231286206	0.0	639204	3631.590723672776	0.0049645626	1.2
12375.538046136317	1200	43.814513389245924	0.0	586839	2974.168923616135	0.004705182	1.2
12378.70601366421	1200	44.64654586135097	0.0	601738	3167.967527894956	0.004705182	1.2
12381.439700605648	1200	45.91285891991342	0.0	616206	2733.686941437555	0.004705182	1.2
12384.314627555095	1200	47.037931970467206	0.0	656471	2874.9269494462096	0.004705182	1.2
12386.77208839706	1200	48.58047112850315	0.0	536667	2457.4608419640604	0.006566808	1.2
12389.76457470414	1200	49.58798482142231	0.0	587236	2992.48630708084	0.008487969	1.2
12393.115818202492	1200	50.23674132307	0.0	590335	3351.2434983523117	0.010820276	1.2
12396.58758871376	1200	50.76497081180051	0.0	696376	3471.7705112694894	0.00928723	1.2
12398.934333498188	1200	52.418226027373784	0.0	487160	2346.7447844267226	0.038737126	1.2
12401.581091666341	1200	53.77146785921988	0.0	622896	2646.7581681539	0.054304235	1.2
12404.084977952898	1200	55.26758157266248	0.0	641447	2503.8862865574015	0.7526545	1.2
12408.64119383973	2850	54.711365685830145	0.0	1341201	4556.21588683233	0.05014698	1.2000000000000002
12414.473630478606	2850	52.87892904695539	0.0	1497683	5832.436638874756	0.004705182	2.85
12420.116475678045	2850	51.236083847514784	0.0	1358081	5642.845199440605	0.004705182	2.85
12428.028345151228	2850	47.32421437433384	0.0	1587293	7911.869473180946	0.004705182	2.85
12434.705100762923	2850	44.64745876263626	0.0	1492672	6676.755611697575	0.004705182	2.85
12446.045241522817	2850	37.30731800274435	0.0	1439896	11340.140759891912	0.004705182	2.85
12453.055110535171	2850	34.297448990391295	0.0	1139291	7009.869012353055	0.010511573	2.85
12461.408986279064	2850	29.943573246497674	0.0	1499009	8353.875743893625	0.004705182	2.85
12473.23017341118	2850	22.12238611438132	0.0	1427478	11821.187132116358	0.004705182	2.85
12480.702346716564	1200	18.65021280899885	0.0	587506	7472.173305382467	0.06737334	-0.44999999999999996
12485.176123057932	1200	18.17643646763184	0.0	566904	4473.776341367011	0.013652869	1.2
12490.541475464597	1200	16.81108406096658	0.0	641452	5365.35240666526	0.005926116	1.2
12498.304140600461	1200	13.048418925102796	0.0	599477	7762.665135863783	0.008943559	1.2
12502.880594627319	750	12.471964898246314	0.0	438281	4576.454026856482	0.09217444	0.3
12505.670686555824	750	13.681872969740395	0.0	398987	2790.091928505921	0.010474497	0.75
12508.229316765	750	15.12324276056542	0.0	393804	2558.630209174975	0.5222393	0.75
12510.364888881886	750	16.98767064368009	0.0	331053	2135.5721168853324	0.6472452	0.75
12513.894742197335	1200	17.457817328231314	0.0	550906	3529.853315448773	0.6153619	0.75

