10249.865243078024	750	4.0	4.316718207694552	450283	4316.718207694552	0.004705182	-17.81188829308657
10250.66065110643	300	7.204591971595131	0.0	155580	795.4080284048688	0.08498322	-0.15000000000000002
10252.816069543273	750	9.049173534751091	0.0	350812	2155.41843684404	0.16198674	0.3
10255.460372858142	750	10.404870219880664	0.0	382355	2644.303314870427	0.65154386	0.75
10259.067051060887	750	10.798192017136937	0.0	411561	3606.678202743728	0.32083258	0.75
10262.070678852095	750	11.794564225930483	0.0	318564	3003.6277912064543	0.6462974	0.75
10263.31393305414	300	14.551310023885675	0.0	153295	1243.254202044808	0.29576486	-0.15000000000000002
10265.063201420111	300	16.802041657913357	0.0	173849	1749.2683659723189	0.0314269	0.3
10267.175929839044	300	18.689313238979587	0.0	150710	2112.728418933768	0.016049165	0.3
10269.128621535372	300	20.736621542651818	0.0	139105	1952.6916963277679	0.014906251	0.3
10271.182264983381	300	22.682978094642507	0.0	141840	2053.643448009307	0.00706459	0.3
10273.82007502891	300	24.045168049113187	0.0	156148	2637.810045529321	0.00653231	0.3
10276.535044409231	300	25.330198668793273	0.0	160746	2714.9693803199148	0.005672143	0.3
10278.775374571154	300	27.08986850686892	0.0	179801	2240.330161924349	0.0063145845	0.3
10280.6510113533	300	29.214231724722627	0.0	140051	1875.6367821462952	0.014992753	0.3
10282.123358692686	300	31.74188438533624	0.0	138313	1472.3473393863899	0.019249499	0.3
10283.546011312596	300	34.319231765428704	0.0	143509	1422.652619907535	0.10598352	0.3
10285.077052241257	300	36.788190836767654	0.0	150616	1531.0409286610532	0.5542473	0.3
10286.74030041874	300	39.124942659283676	0.0	165384	1663.2481774839732	0.53642166	0.3
10290.057329721942	750	39.80791335608134	0.0	350713	3317.029303202334	0.11298181	0.3
10293.611193096978	750	40.254049981044425	0.0	386472	3553.8633750369213	0.004705182	0.75
10297.522850912776	750	40.342392165247304	0.0	399894	3911.657815797114	0.0049971053	0.75
10303.979994053514	750	37.885249024508866	0.0	401853	6457.143140738445	0.005613469	0.75
10308.039236506795	750	37.82600657122861	0.0	343800	4059.2424532802515	0.004705182	0.75
10312.673675401651	750	37.19156767637431	0.0	359903	4634.438894854296	0.004705182	0.75
10318.584780660674	750	35.28046241735129	0.0	379700	5911.105259023029	0.004705182	0.75
10326.27927459204	750	31.585968485984235	0.0	425781	7694.493931367052	0.004705182	0.75
10329.543643173038	750	32.32159990498649	0.0	277716	3264.3685809977405	0.004705182	0.75
10334.182158194015	750	31.68308488400842	0.0	400396	4638.515020978078	0.004705182	0.75
10339.738691267474	750	30.12655181054998	0.0	400508	5556.5330734584395	0.004705182	0.75
10343.105189193724	750	30.76005388429908	0.0	358218	3366.4979262509005	0.004705182	0.75
10346.43996511105	750	31.42527796697129	0.0	400322	3334.7759173277864	0.008568048	0.75
10349.200776586558	750	32.66446649146246	0.0	369834	2760.8114755088286	0.04327267	0.75
10353.454290407353	750	32.41095267066645	0.0	412837	4253.513820796015	0.24503627	0.75
10356.103847467677	750	33.7613956103432	0.0	401088	2649.55706032325	0.06906316	0.75
10358.949412819438	750	34.91583025858399	0.0	365161	2845.5653517592104	0.44221854	0.75
10362.672173628232	1200	35.19306944978742	0.0	487812	3722.760808796568	0.39485863	0.75
10366.491044586746	1200	35.37419849127489	0.0	575591	3818.8709585125353	0.0065338863	1.2
10370.19966495543	1200	35.665578122590915	0.0	605884	3708.62036868397	0.0053728498	1.2
10373.709376945308	1200	36.15586613271288	0.0	587506	3509.7119898780365	0.011027518	1.2
10377.608473648372	1200	36.256769429649864	0.0	566904	3899.0967030630086	0.017455557	1.2
10381.416355397583	1200	36.448887680436414	0.0	641452	3807.8817492134535	0.015233774	1.2
10384.595858372639	1200	37.26938470538244	0.0	599477	3179.5029750539716	0.09369597	1.2
10387.909059194055	1200	37.956183883965494	0.0	634861	3313.200821416944	0.53471535	1.2
10395.30926608235	2850	34.555976995670385	0.0	1464921	7400.206888295109	0.31068155	1.2000000000000002
10402.109073217145	2850	31.756169860876998	0.0	1483527	6799.807134793385	0.004705182	2.85
10409.46763174857	2850	28.397611329450402	0.0	1231456	7358.5585314265945	0.0060529113	2.85
10422.137911484226	2850	19.7273315937937	0.0	1364537	12670.2797356567	0.004705182	2.85

