19849.303490941034	750	4.0	4.2446647119615655	450283	4244.664711961565	0.69265306	-17.50205826143473
19850.71827907457	300	6.5852118664659365	0.0	155580	1414.7881335340633	0.108750515	-0.15000000000000002
19851.981970406912	300	9.321520534123353	0.0	139857	1263.6913323425845	0.09455982	0.3
19853.359882954763	300	11.94360798627423	0.0	155432	1377.9125478491217	0.008917771	0.3
19854.84638099095	300	14.457109950084448	0.0	163442	1486.4980361897813	0.07053324	0.3
19855.82063333462	300	17.482857606415696	0.0	126289	974.252343668756	0.11264243	0.3
19856.925378319775	300	20.378112621262307	0.0	153295	1104.744985153388	0.04766846	0.3
19858.1091734155	300	23.194317525535848	0.0	173849	1183.7950957264597	0.060194075	0.3
19859.14869495457	300	26.154795986467224	0.0	150710	1039.5215390686258	0.17632318	0.3
19860.175481795508	300	29.128009145527415	0.0	139105	1026.7868409398052	0.41654822	0.3
19861.507414944335	300	31.7960759966984	0.0	141840	1331.9331488290202	0.5298369	0.3
19862.847577514636	300	34.45591342639732	0.0	156148	1340.1625703010723	0.58883023	0.3
19865.736674273518	750	35.566816667517266	0.0	386351	2889.0967588800568	0.54613596	0.3
19868.933147677748	750	36.37034326328613	0.0	434409	3196.4734042311384	0.0048590745	0.75
19871.789082511743	750	37.51440842929431	0.0	337059	2855.934833991817	0.004705182	0.75
19875.535076620592	750	37.76841432044276	0.0	366214	3745.994108851557	0.004705182	0.75
19878.29079928574	750	39.01269165529764	0.0	360831	2755.722665145118	0.004705182	0.75
19881.865120767685	750	39.438370173351856	0.0	372963	3574.321481945788	0.005997218	0.75
19885.031196382435	750	40.27229455860272	0.0	405596	3166.07561474913	0.004705182	0.75
19888.055855221693	750	41.24763571934536	0.0	350713	3024.6588392573644	0.012598114	0.75
19891.193958098534	750	42.109532842502574	0.0	386472	3138.102876842786	0.016942447	0.75
19894.017349265476	750	43.286141675561176	0.0	399894	2823.391166941395	0.045382954	0.75
19896.315398532246	750	44.98809240879069	0.0	401853	2298.049266770487	0.24817751	0.75
19898.552524738257	750	46.7509662027789	0.0	343800	2237.1262060117924	0.5211325	0.75
19901.34618639919	750	47.95730454184467	0.0	359903	2793.6616609342213	0.4242401	0.75
19906.05743515664	1200	47.24605578439754	0.0	590335	4711.2487574471315	0.45685908	0.75
19911.286521070477	1200	46.016969870559244	0.0	696376	5229.085913838292	0.007546257	1.2
19915.49426033452	1200	45.80923060651713	0.0	487160	4207.739264042109	0.004705182	1.2
19921.29925344606	1200	44.0042374949754	0.0	622896	5804.993111541732	0.0067655165	1.2
19926.867573137264	1200	42.435917803770465	0.0	641447	5568.319691204941	0.007909347	1.2
19933.457684552584	1200	39.84580638845059	0.0	570392	6590.11141531987	0.005048556	1.2
19945.337371943006	1200	31.9661189980317	0.0	620283	11879.687390418892	0.022371808	1.2
19951.433540601218	750	29.86995033982022	0.0	369834	6096.168658211479	0.48211852	0.3
19958.112077112954	750	27.191413828082243	0.0	412837	6678.536511737979	0.0074805664	0.75
19961.85045275694	750	27.453038184099583	0.0	401088	3738.3756439826625	0.0050313785	0.75
19964.397680940325	750	28.90581000071048	0.0	365161	2547.228183389101	0.038477644	0.75
19966.9077712284	750	30.395719712635564	0.0	321064	2510.090288074915	0.6736497	0.75
19969.824186480193	750	31.479304460845196	0.0	361565	2916.415251790366	0.6727133	0.75
19973.654052147554	1200	31.649438793483466	0.0	605884	3829.8656673617284	0.6037	0.75
19977.38340059364	1200	31.920090347398794	0.0	587506	3729.348446084673	0.004705182	1.2
19981.703562065035	1200	31.599928876004682	0.0	566904	4320.161471394107	0.0050105765	1.2
19985.93289222388	1200	31.370598717161087	0.0	641452	4229.330158843598	0.004705182	1.2
19989.70466155964	1200	31.59882938139897	0.0	599477	3771.7693357621133	0.008799432	1.2
19995.580919384553	1200	29.722571556486535	0.0	634861	5876.257824912439	0.011671758	1.2
20002.542469044653	1200	26.76102189638991	0.0	630203	6961.5496600966235	0.0052577723	1.2
20007.582837255923	1200	25.7206536851215	0.0	638661	5040.368211268408	0.004705182	1.2
20012.2249620296	1200	25.078528911445176	0.0	538612	4642.124773676324	0.0048313844	1.2
20018.422454639516	1200	22.8810363015288	0.0	550906	6197.4926099163795	0.004705182	1.2

