24114.22082978455	750	4.0	2.943433872988283	450283	2943.4338729882834	0.0073515354	-11.906765653849618
24116.001760736224	750	6.219069048327484	0.0	398865	1780.930951672515	0.1351138	0.75
24117.771295628172	750	8.449534156378364	0.0	350812	1769.534891949121	0.004705182	0.75
24119.837997161845	750	10.38283262270498	0.0	382355	2066.701533673385	0.04647671	0.75
24122.07101152556	750	12.14981825899194	0.0	411561	2233.014363713041	0.03280444	0.75
24123.771102217204	750	14.44972756734608	0.0	318564	1700.090691645859	0.017388951	0.75
24125.634043173435	750	16.58678661111628	0.0	352642	1862.9409562297988	0.06915693	0.75
24127.678604141747	750	18.542225642807672	0.0	437162	2044.5609683086088	0.12037142	0.75
24129.589619197515	750	20.631210587040293	0.0	374758	1911.015055767381	0.01929885	0.75
24131.219310970457	750	23.001518814098706	0.0	362795	1629.6917729415864	0.01274666	0.75
24132.655403529938	750	25.565426254615247	0.0	353220	1436.0925594834575	0.006063337	0.75
24134.402396449004	750	27.818433335551642	0.0	405134	1746.9929190636049	0.035716124	0.75
24136.15934697508	750	30.06148280947455	0.0	386351	1756.9505260770923	0.1591018	0.75
24138.074337760052	750	32.14649202450275	0.0	434409	1914.9907849718004	0.31219107	0.75
24140.192897549045	1200	34.027932235512544	0.0	526950	2118.5597889902037	0.6839636	0.75
24143.103947694908	1200	35.116882089647305	0.0	587876	2911.0501458652484	0.00594621	1.2
24145.90850959205	1200	36.31232019250589	0.0	617242	2804.5618971414156	0.008625194	1.2
24148.219752581674	1200	38.00107720288136	0.0	581493	2311.242989624533	0.004705182	1.2
24151.831924084658	1200	38.388905699898906	0.0	639204	3612.171502982456	0.004705182	1.2
24155.30530957486	1200	38.915520209696716	0.0	586839	3473.385490202186	0.004705182	1.2
24158.997740472983	1200	39.22308931156926	0.0	601738	3692.4308981274567	0.004705182	1.2
24163.86065064642	1200	38.36017913812911	0.0	616206	4862.910173440146	0.004705182	1.2
24166.283610547827	1200	39.93721923672549	0.0	656471	2422.9599014036194	0.014854061	1.2
24168.651039211527	1200	41.56979057302417	0.0	536667	2367.4286637013224	0.004705182	1.2
24171.207382059663	1200	43.01344772488652	0.0	587236	2556.3428481376545	0.004705182	1.2
24173.616537542202	1200	44.60429224234921	0.0	590335	2409.1554825372987	0.0059971847	1.2
24176.845497945622	1200	45.37533183892875	0.0	696376	3228.960403420461	0.015767414	1.2
24178.933013235663	1200	47.28781654888767	0.0	487160	2087.515290041082	0.039801873	1.2
24181.792620582306	1200	48.4282092022449	0.0	622896	2859.607346642772	0.059966844	1.2
24184.437573855357	1200	49.78325592919258	0.0	641447	2644.9532730523183	0.18270989	1.2
24190.28842386043	2850	47.93240592411817	0.0	1341201	5850.850005074404	0.11638983	1.2000000000000002
24197.380764157428	2850	44.84006562711945	0.0	1497683	7092.340296998724	0.004705182	2.85
24203.927533695078	2850	42.29329608947101	0.0	1358081	6546.769537648439	0.004705182	2.85
24213.030499813238	2850	37.19032997131337	0.0	1587293	9102.966118157643	0.004705182	2.85
24224.29086156526	2850	29.92996821929155	0.0	1492672	11260.361752021818	0.004705182	2.85
24229.60217068181	1200	28.618659102737762	0.0	598727	5311.309116553787	0.36716598	-0.44999999999999996
24235.24777637521	1200	26.97305340933721	0.0	487812	5645.605693400551	0.004705182	1.2
24241.026658531155	1200	25.194171253392454	0.0	575591	5778.882155944758	0.00524106	1.2
24246.08812717989	1200	24.132702604657553	0.0	605884	5061.468648734903	0.0059637115	1.2
24255.086703245324	1200	19.134126539225175	0.0	587506	8998.576065432379	0.0064902552	1.2
24267.287758540326	1200	10.933071244224852	0.0	566904	12201.055295000322	0.6022476	1.2
24270.277580908525	300	11.943248876022482	0.0	161857	2989.8223682023695	0.074745856	-0.6000000000000001
24272.35737008812	300	13.863459696430501	0.0	145210	2079.78917959198	0.13022368	0.3
24275.46178164415	300	14.75904814039929	0.0	172312	3104.4115560312116	0.31367907	0.3
24279.23434470053	300	14.986485084018039	0.0	167025	3772.563056381252	0.0831739	0.3
24282.335052795894	300	15.885776988652745	0.0	160064	3100.7080953652926	0.09327353	0.3
24284.1954644333	300	18.02536535125015	0.0	137507	1860.4116374025934	0.3778783	0.3
24285.678036588397	300	20.54279319615068	0.0	118421	1482.5721550994726	0.61498386	0.3

