4211.168178327206	750	4.0	1.384287999087403	450283	1384.287999087403	0.004775267	-5.202438396075833
4212.442399337524	750	6.725778989683334	0.0	398865	1274.2210103166653	0.004705182	0.75
4213.93178047689	750	9.236397850317369	0.0	350812	1489.3811393659653	0.004705182	0.75
4215.373606583069	750	11.794571744137407	0.0	382355	1441.8261061799628	0.004705182	0.75
4216.777440188674	750	14.390738138532942	0.0	411561	1403.8336056044654	0.008985441	0.75
4217.942060690255	750	17.226117636951464	0.0	318564	1164.6205015814764	0.074507296	0.75
4219.160152746748	750	20.008025580458074	0.0	352642	1218.0920564933938	0.061031777	0.75
4220.607897687191	750	22.560280640014735	0.0	437162	1447.7449404433385	0.20406528	0.75
4222.404502201973	1200	24.763676125233804	0.0	584846	1796.6045147809305	0.25915763	0.75
4224.585963872801	1200	26.582214454405953	0.0	560821	2181.461670827853	0.0055438615	1.2
4226.291018005443	1200	28.877160321763636	0.0	607410	1705.0541326423172	0.008265268	1.2
4228.282397000899	1200	30.885781326306486	0.0	594078	1991.378995457151	0.004705182	1.2
4230.174492121514	1200	32.993686205691986	0.0	624282	1892.0951206145016	0.004705182	1.2
4232.6541793454235	1200	34.513998981782386	0.0	687371	2479.687223909597	0.004705182	1.2
4234.442247776022	1200	36.72593055118322	0.0	526950	1788.0684305991665	0.0057228906	1.2
4237.815306181937	1200	37.352872145269075	0.0	587876	3373.0584059141447	0.006712476	1.2
4239.876079783185	1200	39.292098544021336	0.0	617242	2060.773601247739	0.004705182	1.2
4241.793481797642	1200	41.37469652956336	0.0	581493	1917.4020144579758	0.008786398	1.2
4244.814277382112	1200	42.35390094509344	0.0	639204	3020.7955844699113	0.015766026	1.2
4248.879245318712	1200	42.28893300849397	0.0	586839	4064.967936599476	0.0070386557	1.2
4255.89877086082	1200	39.26940746638598	0.0	601738	7019.52554210799	0.004705182	1.2
4261.9372476984345	1200	37.230930628771254	0.0	616206	6038.476837614722	0.022599146	1.2
4268.653401372181	1200	34.514776955024196	0.0	656471	6716.153673747061	0.08416793	1.2
4274.148033917656	1200	33.020144409549594	0.0	536667	5494.632545474592	0.56315696	1.2
4278.443365843667	750	32.72481248353782	0.0	359903	4295.33192601178	0.6968293	0.3
4282.533788551589	750	32.634389775615986	0.0	379700	4090.422707921834	0.006913904	0.75
4285.5930445733	750	33.57513375390506	0.0	425781	3059.2560217109244	0.0068908697	0.75
4287.46940710397	750	35.698771223235305	0.0	277716	1876.3625306697522	0.14786121	0.75
4290.545467111757	750	36.622711215448874	0.0	400396	3076.060007786439	0.2765725	0.75
4293.009138416646	750	38.159039910559486	0.0	400508	2463.6713048893907	0.32542962	0.75
4296.403954034149	1200	38.7642242930572	0.0	570392	3394.8156175022864	0.37762457	0.75
4299.943410321486	1200	39.224768005719696	0.0	620283	3539.4562873374966	0.004705182	1.2
4303.928964988454	1200	39.23921333875174	0.0	584349	3985.554666967964	0.004705182	1.2
4309.257286044267	1200	37.91089228293904	0.0	670129	5328.321055812699	0.004705182	1.2
4314.191014950767	1200	36.97716337643961	0.0	690253	4933.728906499422	0.004705182	1.2
4320.072460235716	1200	35.09571809149031	0.0	598727	5881.445284949297	0.004705182	1.2
4323.800118979462	1200	35.36805934774361	0.0	487812	3727.658743746704	0.004705182	1.2
4328.08860917877	1200	35.07956914843657	0.0	575591	4288.490199307047	0.004705182	1.2
4331.717214519314	1200	35.45096380789156	0.0	605884	3628.605340545012	0.004705182	1.2
4335.201451837964	1200	35.966726489242255	0.0	587506	3484.237318649311	0.007878068	1.2
4338.099385937105	1200	37.06879239010079	0.0	566904	2897.9340991414674	0.01858693	1.2
4341.551092183854	1200	37.61708614335138	0.0	641452	3451.7062467494115	0.16066307	1.2
4345.010274289452	1200	38.15790403775339	0.0	599477	3459.182105597988	0.5280697	1.2
4353.94821560642	2850	33.21996272078628	0.0	1587250	8937.94131696711	0.73228955	1.2000000000000002
4362.141293358436	2850	29.026884968769405	0.0	1464921	8193.077752016874	0.004705182	2.85
4373.350009805578	2850	21.81816852162606	0.0	1483527	11208.716447143348	0.004705182	2.85
4376.743726563306	1200	22.424451763898087	0.0	538612	3393.7167577279733	0.70424896	-0.44999999999999996
4379.461459225669	1200	23.706719101535015	0.0	550906	2717.7326623630724	0.004705182	1.2

