8504.971951563766	750	4.0	2.566216384271528	450283	2566.216384271528	0.004705182	-10.28473045236757
8506.880718260616	750	6.09123330315046	0.0	398865	1908.7666968495396	0.017584449	0.75
8508.098544481894	750	8.873407081871683	0.0	350812	1217.8262212787765	0.004705182	0.75
8509.448482857748	750	11.523468706018921	0.0	382355	1349.938375852762	0.004705182	0.75
8510.853173692734	750	14.118777871030293	0.0	411561	1404.6908349886276	0.0052489256	0.75
8511.853153437805	750	17.118798125961007	0.0	318564	999.9797450692872	0.053911183	0.75
8513.64771752559	1200	19.324234038175998	0.0	561791	1794.5640877850096	0.42423064	0.75
8516.293298813405	1200	20.67865275036197	0.0	709534	2645.5812878140273	0.05418133	1.2
8518.147152625765	1200	22.82479893800182	0.0	584846	1853.8538123601495	0.052157484	1.2
8519.961180395325	1200	25.010771168440556	0.0	560821	1814.0277695612633	0.0084280055	1.2
8522.060272456485	1200	26.91167910728063	0.0	607410	2099.0920611599267	0.0050474545	1.2
8524.850314320805	1200	28.121637242961548	0.0	594078	2790.0418643190837	0.004705182	1.2
8527.928671627751	1200	29.04327993601463	0.0	624282	3078.357306946918	0.007621835	1.2
8530.631350908789	1200	30.340600654978015	0.0	687371	2702.679281036616	0.012214052	1.2
8532.750393951326	1200	32.22155761243899	0.0	526950	2119.0430425390177	0.004705182	1.2
8535.088635620063	1200	33.88331594370272	0.0	587876	2338.241668736275	0.004705182	1.2
8537.771321538976	1200	35.200630024791096	0.0	617242	2682.6859189116212	0.004705182	1.2
8539.927895347506	1200	37.04405621626083	0.0	581493	2156.5738085302746	0.004705182	1.2
8542.736737779434	1200	38.23521378433233	0.0	639204	2808.842431928493	0.004705182	1.2
8545.46887436233	1200	39.503077201437115	0.0	586839	2732.1365828952103	0.004705182	1.2
8549.019967696779	1200	39.95198386698973	0.0	601738	3551.0933344473883	0.004705182	1.2
8552.228362161808	1200	40.7435894019611	0.0	616206	3208.394465028625	0.004705182	1.2
8555.890499824456	1200	41.0814517393111	0.0	656471	3662.1376626499978	0.004705182	1.2
8560.17680987071	1200	40.795141693057055	0.0	536667	4286.310046254046	0.004705182	1.2
8567.20465015295	1200	37.76730141081726	0.0	587236	7027.840282239797	0.004753901	1.2
8572.199129396555	1200	36.77282216721198	0.0	590335	4994.4792436052785	0.09137513	1.2
8580.22746337199	1200	32.74448819177496	0.0	696376	8028.333975437013	0.04460116	1.2
8584.320541530438	1200	32.65141003332723	0.0	487160	4093.078158447732	0.49792656	1.2
8587.994307968553	1200	32.977643595211354	0.0	622896	3673.7664381158784	0.34840232	1.2
8591.281672696226	1200	33.6902788675368	0.0	641447	3287.3647276745523	0.010146831	1.2
8594.099727063121	1200	34.87222450064254	0.0	570392	2818.054366894259	0.004705182	1.2
8597.172047878896	1200	35.79990368486823	0.0	620283	3072.320815774303	0.004705182	1.2
8599.590396119755	1200	37.381555444007496	0.0	584349	2418.348240860731	0.0050518224	1.2
8603.315838778295	1200	37.65611278546734	0.0	670129	3725.4426585401584	0.014962057	1.2
8607.342616602096	1200	37.629334961664824	0.0	690253	4026.7778238025135	0.008155571	1.2
8611.090521510992	1200	37.88143005276885	0.0	598727	3747.9049088959764	0.017948605	1.2
8614.13361178761	1200	38.838339776149226	0.0	487812	3043.0902766196227	0.035273623	1.2
8618.396886373936	1200	38.57506518982499	0.0	575591	4263.274586324227	0.021480989	1.2
8626.64520427527	1200	34.326747288491546	0.0	605884	8248.317901333448	0.016657885	1.2
8630.908234159137	1200	34.06371740462413	0.0	587506	4263.029883867417	0.004705182	1.2
8634.324043960529	1200	34.647907603232184	0.0	566904	3415.809801391944	0.004705182	1.2
8639.488726455002	1200	33.48322510875971	0.0	641452	5164.682494472474	0.0055986424	1.2
8644.043926741007	1200	32.92802482275265	0.0	599477	4555.200286007066	0.0053275814	1.2
8649.13898083183	1200	31.83297073192858	0.0	634861	5095.054090824067	0.0062179053	1.2
8654.97422285051	1200	29.99772871325154	0.0	630203	5835.242018677039	0.010427901	1.2
8662.333795573928	1200	26.638155989832157	0.0	638661	7359.572723419383	0.005165745	1.2
8666.117165522857	1200	26.8547860409029	0.0	538612	3783.369948929257	0.0049049086	1.2
8669.672623880206	1200	27.29932768355454	0.0	550906	3555.458357348362	0.004705182	1.2

