12175.348162879522	750	4.0	3.5013497766476167	450283	3501.3497766476166	0.058978334	-14.305804039584752
12176.316421169822	300	7.031741709697546	0.0	155580	968.258290302454	0.6959774	-0.15000000000000002
12177.878774254656	750	9.469388624865182	0.0	350812	1562.3530848323649	0.46277717	0.3
12179.577532241514	750	11.770630638007107	0.0	382355	1698.757986858073	0.024089536	0.75
12181.425184798347	750	13.922978081173683	0.0	411561	1847.6525568334232	0.010466663	0.75
12182.604560475716	750	16.74360240380462	0.0	318564	1179.3756773690634	0.019128026	0.75
12184.091022498968	750	19.257140380554354	0.0	352642	1486.4620232502668	0.0111845	0.75
12185.908264090023	750	21.439898789497743	0.0	437162	1817.2415910566085	0.011196225	0.75
12187.51388764211	750	23.834275237411738	0.0	374758	1605.6235520860055	0.011303597	0.75
12189.297235837535	750	26.050927041984732	0.0	362795	1783.3481954270064	0.035708677	0.75
12191.482912114796	750	27.86525076472542	0.0	353220	2185.676277259309	0.032425486	0.75
12194.32864596289	750	29.019516916630913	0.0	405134	2845.7338480945086	0.007137845	0.75
12197.357939952253	750	29.99022292726875	0.0	386351	3029.2939893621638	0.005328677	0.75
12199.928415988232	750	31.419746891290004	0.0	434409	2570.4760359787456	0.004705182	0.75
12202.484496387824	750	32.863666491695874	0.0	337059	2556.080399594128	0.009703036	0.75
12204.962728187254	750	34.38543469226625	0.0	366214	2478.2317994296277	0.0048292526	0.75
12207.269142553063	750	36.07902032645695	0.0	360831	2306.4143658093017	0.0076379394	0.75
12209.499344625292	750	37.8488182542282	0.0	372963	2230.202072228747	0.018611765	0.75
12213.022007612291	1200	38.326155267228245	0.0	639204	3522.662986999961	0.0799131	0.75
12217.887193137858	1200	37.46096974166219	0.0	586839	4865.185525566049	0.1239978	1.2
12224.55224325253	1200	34.79591962698908	0.0	601738	6665.050114673115	0.603712	1.2
12228.848665288162	750	34.499497591358576	0.0	399894	4296.422035630508	0.35243136	0.3
12233.458713431917	750	33.88944944760307	0.0	401853	4610.048143755503	0.005370603	0.75
12238.117426471588	750	33.230736407930934	0.0	343800	4658.713039672132	0.0049275877	0.75
12241.096369497041	750	34.25179338247828	0.0	359903	2978.943025452657	0.004705182	0.75
12243.372766378188	750	35.975396501331794	0.0	379700	2276.396881146486	0.01269737	0.75
12245.608508910147	750	37.73965396937288	0.0	425781	2235.742531958912	0.39315432	0.75
12246.899077062273	750	40.44908581724766	0.0	277716	1290.5681521252188	0.37390414	0.75
12250.34556787443	1200	41.002595005090754	0.0	622896	3446.4908121569088	0.026727807	0.75
12253.059143491	1200	42.28901938852143	0.0	641447	2713.5756165693215	0.004705182	1.2
12256.647867440535	1200	42.7002954389865	0.0	570392	3588.7239495349295	0.022600831	1.2
12264.431568748554	1200	38.91659413096796	0.0	620283	7783.701308018548	0.0064550214	1.2
12267.732595620244	1200	39.61556725927796	0.0	584349	3301.0268716899977	0.0067957146	1.2
12271.78445424388	1200	39.56370863564339	0.0	670129	4051.858623634575	0.004705182	1.2
12275.35416575669	1200	39.99399712283302	0.0	690253	3569.711512810364	0.004705182	1.2
12278.934782836697	1200	40.413380042823675	0.0	598727	3580.6170800093555	0.008506512	1.2
12281.427659383553	1200	41.92050349596862	0.0	487812	2492.876546855055	0.023923947	1.2
12283.344261027567	1200	44.00390185195413	0.0	575591	1916.6016440144845	0.12068433	1.2
12288.579560473767	2850	42.768602405755466	0.0	1427478	5235.299446198668	0.022862276	1.2000000000000002
12295.011495547658	2850	40.336667331864255	0.0	1402287	6431.935073891213	0.0049730716	2.85
12300.210550668797	2850	39.13761221072471	0.0	1339500	5199.055121139543	0.0050164023	2.85
12305.860596173903	2850	37.4875667056181	0.0	1527299	5650.045505106614	0.011755765	2.85
12310.623416516433	2850	36.72474636308907	0.0	1343002	4762.820342529026	0.027230408	2.85
12316.290339824895	2850	35.05782305462656	0.0	1587250	5666.92330846251	0.04004437	2.85
12321.129776331973	2850	34.21838654754806	0.0	1464921	4839.436507078502	0.056538563	2.85
12326.605899539702	2850	32.742263339817946	0.0	1483527	5476.123207730109	0.17823575	2.85
12330.945625385082	2850	32.40253749443907	0.0	1231456	4339.725845378874	0.099472485	2.85
12335.377694214303	2850	31.970468665216647	0.0	1364537	4432.068829222427	0.12666032	2.85

