9905.084442801543	750	4.0	3.5388403668140223	450283	3538.840366814022	0.023481213	-14.467013577300294
9908.66871216955	750	4.415730631991942	0.0	398865	3584.269368008057	0.6950931	0.75
9909.868741618735	300	7.215701182807061	0.0	139857	1200.029449184882	0.3170842	-0.15000000000000002
9911.668897351397	300	9.415545450145604	0.0	155432	1800.1557326614554	0.0100284545	0.3
9913.544941137427	300	11.539501664115882	0.0	163442	1876.043786029723	0.008935157	0.3
9914.686662684564	300	14.397780116980353	0.0	126289	1141.721547135529	0.05503374	0.3
9916.436074093863	300	16.648368707680923	0.0	153295	1749.4114092994298	0.018144479	0.3
9918.525013232942	300	18.559429568601043	0.0	173849	2088.9391390798783	0.0056782784	0.3
9919.958244298195	300	21.126198503347325	0.0	150710	1433.2310652537212	0.006652254	0.3
9921.307586786641	300	23.77685601490128	0.0	139105	1349.3424884460446	0.024843019	0.3
9922.735670771777	300	26.348772029765325	0.0	141840	1428.0839851359565	0.03900263	0.3
9924.39651056066	300	28.68793224088368	0.0	156148	1660.8397888816455	0.036708478	0.3
9926.687452313952	300	30.396990487590614	0.0	160746	2290.941753293065	0.06821064	0.3
9928.736687798895	300	32.347755002647936	0.0	179801	2049.235484942679	0.07676786	0.3
9929.63184484639	300	35.45259795515235	0.0	140051	895.1570474955859	0.28935602	0.3
9932.354346611746	750	36.730096189796704	0.0	366214	2722.5017653556383	0.2130045	0.3
9935.044759304848	750	38.039683496693954	0.0	360831	2690.412693102749	0.004705182	0.75
9938.332003968657	750	38.75243883288617	0.0	372963	3287.244663807788	0.005069953	0.75
9942.25931944438	750	38.825123357160656	0.0	405596	3927.315475725514	0.004705182	0.75
9945.77156678035	750	39.31287602119249	0.0	350713	3512.247335968166	0.004844912	0.75
9949.506308838394	750	39.578133963147934	0.0	386472	3734.742058044557	0.0049323034	0.75
9952.377292508776	750	40.707150292766556	0.0	399894	2870.9836703813758	0.006021657	0.75
9954.828049634249	750	42.25639316729307	0.0	401853	2450.75712547349	0.07404575	0.75
9956.992355981572	750	44.09208681997011	0.0	343800	2164.306347322953	0.6223266	0.75
9960.620020817765	1200	44.46442198377645	0.0	587236	3627.6648361936655	0.6629154	0.75
9963.905439083524	1200	45.179003718019146	0.0	590335	3285.418265757306	0.0067554857	1.2
9969.104213560606	1200	43.980229240938	0.0	696376	5198.774477081137	0.004705182	1.2
9971.621893471645	1200	45.462549329898074	0.0	487160	2517.679911039933	0.004705182	1.2
9975.26803324407	1200	45.81640955747312	0.0	622896	3646.1397724249478	0.004705182	1.2
9981.91984804944	1200	43.1645947521032	0.0	641447	6651.814805369925	0.004705182	1.2
9988.385980188483	1200	40.698462613058425	0.0	570392	6466.132139044781	0.004705182	1.2
9997.286110776047	1200	35.79833202549353	0.0	620283	8900.130587564892	0.007406146	1.2
10005.059467452713	1200	32.024975348828725	0.0	584349	7773.356676664805	0.067725666	1.2
10014.00194675476	1200	27.082496046780037	0.0	670129	8942.47930204869	0.2832371	1.2
10018.201877363144	750	26.88256543839765	0.0	401088	4199.93060838239	0.69625825	0.3
10023.818684259368	750	25.26575854217353	0.0	365161	5616.806896224121	0.054541834	0.75
10028.940363670743	750	24.144079130800097	0.0	321064	5121.6794113734295	0.012609768	0.75
10033.121280894076	750	23.963161907466134	0.0	361565	4180.917223333968	0.004793815	0.75
10036.04339700236	750	25.041045799182264	0.0	378327	2922.116108283868	0.0099991765	0.75
10038.807841855423	750	26.276600946118208	0.0	390680	2764.4448530640557	0.17453192	0.75
10042.519513259098	1200	26.564929542444297	0.0	566904	3711.6714036739086	0.6726367	0.75
10046.90964398469	1200	26.17479881685231	0.0	641452	4390.130725591989	0.008940678	1.2
10050.90163925786	1200	26.182803543682684	0.0	599477	3991.9952731696267	0.0047373646	1.2
10056.952036008472	1200	24.132406793070118	0.0	634861	6050.3967506125655	0.00471436	1.2
10061.60558376412	1200	23.47885903742221	0.0	630203	4653.547755647904	0.006953147	1.2
10066.374368451865	1200	22.710074349676624	0.0	638661	4768.784687745587	0.004705182	1.2
10069.42359130133	1200	23.66085150021011	0.0	538612	3049.222849466511	0.004711976	1.2
10072.67322876163	1200	24.41121403991055	0.0	550906	3249.637460299559	0.0059967358	1.2

