4383.386241470903	750	4.0	3.9247822452337946	450283	3924.7822452337946	0.004705182	-16.126563654505315
4384.7376377641185	300	6.648603706784821	0.0	155580	1351.3962932151785	0.32318625	-0.15000000000000002
4385.789774828128	300	9.596466642774697	0.0	139857	1052.1370640101254	0.19488642	0.3
4387.1729004548	300	12.213341016103536	0.0	155432	1383.1256266711605	0.033931226	0.3
4388.610973177195	300	14.775268293708956	0.0	163442	1438.0727223945805	0.10346212	0.3
4389.547731436056	300	17.838510034847047	0.0	126289	936.7582588619088	0.17948475	0.3
4390.590628829989	300	20.79561264091363	0.0	153295	1042.8973939334187	0.0879134	0.3
4391.953784370747	300	23.43245710015649	0.0	173849	1363.1555407571384	0.111007035	0.3
4392.805819315838	300	26.580422155065612	0.0	150710	852.0349450908786	0.1429688	0.3
4393.690994077163	300	29.695247393740114	0.0	139105	885.174761325496	0.6683927	0.3
4394.625065448414	300	32.76117602248956	0.0	141840	934.0713712505569	0.6963585	0.3
4396.887813021733	750	34.49842844917034	0.0	405134	2262.7475733192127	0.48978338	0.3
4399.228538207494	750	36.15770326340778	0.0	386351	2340.725185762558	0.006432897	0.75
4403.02147850885	750	36.36476296205154	0.0	434409	3792.940301356241	0.010785833	0.75
4406.3055386651495	750	37.08070280575228	0.0	337059	3284.0601562992606	0.0047099497	0.75
4408.302606972974	750	39.083634497927704	0.0	366214	1997.0683078245804	0.004705182	0.75
4410.179008560621	750	41.20723291028038	0.0	360831	1876.4015876473222	0.042776726	0.75
4412.867144703656	750	42.51909676724595	0.0	372963	2688.1361430344377	0.3342029	0.75
4418.743781887255	1200	40.642459583646335	0.0	639204	5876.637183599613	0.16140604	0.75
4424.103871639963	750	39.28236983093856	0.0	350713	5360.089752707768	0.6910587	0.3
4428.544528331668	750	38.841713139233434	0.0	386472	4440.65669170513	0.005239251	0.75
4432.629309286816	750	38.75693218408455	0.0	399894	4084.780955148888	0.0048319423	0.75
4436.565044221334	750	38.82119724956711	0.0	401853	3935.7349345174316	0.0055689253	0.75
4439.358230186499	750	40.02801128440134	0.0	343800	2793.1859651657774	0.012989725	0.75
4442.6806368965335	750	40.70560457436656	0.0	359903	3322.4067100347715	0.05282897	0.75
4449.83263328398	750	37.55360818692117	0.0	379700	7151.996387445392	0.079385765	0.75
4458.407024690096	750	32.97921678080513	0.0	425781	8574.391406116043	0.004705182	0.75
4461.854804719011	750	33.531436751889906	0.0	277716	3447.780028915219	0.004705182	0.75
4467.322985914058	750	32.063255556842016	0.0	400396	5468.181195047892	0.004705182	0.75
4472.640409589491	750	30.74583188140857	0.0	400508	5317.423675433449	0.004705182	0.75
4475.882376935366	750	31.50386453553508	0.0	358218	3241.967345873491	0.004705182	0.75
4480.02434387529	750	31.361897595611232	0.0	400322	4141.966939923844	0.012843158	0.75
4485.096725517754	750	30.289515953147262	0.0	369834	5072.38164246397	0.015102954	0.75
4489.365888710436	750	30.020352760465236	0.0	412837	4269.163192682026	0.00538961	0.75
4496.2016713494295	750	27.184570121471225	0.0	401088	6835.782638994012	0.014479229	0.75
4501.434425704839	750	25.951815766062346	0.0	365161	5232.754355408875	0.004705182	0.75
4503.646010527387	750	27.740230943513538	0.0	321064	2211.5848225488085	0.0053123757	0.75
4506.493758759856	750	28.892482711044504	0.0	361565	2847.7482324690345	0.18276075	0.75
4508.673537819354	750	30.71270365154586	0.0	378327	2179.7790594986486	0.48477483	0.75
4511.84730114741	1200	31.538940323491147	0.0	587506	3173.763328054708	0.09741785	0.75
4515.226159095665	1200	32.16008237523588	0.0	566904	3378.857948255269	0.00984308	1.2
4521.6300680951	1200	29.75617337580158	0.0	641452	6403.908999434297	0.011779205	1.2
4525.270877106368	1200	30.115364364534283	0.0	599477	3640.8090112672976	0.004705182	1.2
4529.548265072894	1200	29.837976398008973	0.0	634861	4277.387966525307	0.008465727	1.2
4535.18047946464	1200	28.205762006262038	0.0	630203	5632.2143917469375	0.0093004145	1.2
4538.43536776784	1200	28.950873703062562	0.0	638661	3254.8883031994737	0.0049190866	1.2
4541.555920236643	1200	29.830321234258896	0.0	538612	3120.5524688036658	0.064319745	1.2
4544.154351754254	1200	31.231889716648652	0.0	550906	2598.4315176102436	0.08356152	1.2

