718.4680050782738	750	4.0	4.746018619318359	450283	4746.018619318359	0.004705182	-19.65788006306894
719.7691601692655	300	6.698844909008274	0.0	155580	1301.1550909917264	0.022201372	-0.15000000000000002
722.7366800501211	750	7.7313250281528	0.0	350812	2967.519880855474	0.10794186	0.3
724.0019137371311	300	10.466091341142766	0.0	155432	1265.233687010034	0.06927028	-0.15000000000000002
725.3982396048856	300	13.069765473388244	0.0	163442	1396.325867754522	0.09451857	0.3
726.4480911260536	300	16.0199139522202	0.0	126289	1049.851521168046	0.059681855	0.3
727.7257964518092	300	18.742208626464656	0.0	153295	1277.7053257555392	0.031317543	0.3
729.2489639367309	300	21.21904114154295	0.0	173849	1523.1674849217102	0.03521503	0.3
730.3538899337477	300	24.11411514452613	0.0	150710	1104.9259970168175	0.036581445	0.3
733.4747214643074	750	24.993283613966447	0.0	362795	3120.8315305596852	0.19115628	0.3
736.1263678918925	750	26.341637186381295	0.0	353220	2651.64642758515	0.68024594	0.75
740.4259249311394	750	26.042080147134367	0.0	405134	4299.557039246932	0.2221102	0.75
744.4263679132475	750	26.041637165026227	0.0	386351	4000.4429821081385	0.49634954	0.75
748.3743881943839	750	26.093616883889965	0.0	434409	3948.020281136262	0.26327348	0.75
750.4989979870649	750	27.969007091208876	0.0	337059	2124.609792681087	0.13046035	0.75
752.7535534031782	750	29.71445167509556	0.0	366214	2254.5554161133205	0.006871855	0.75
755.464489295315	750	31.00351578295879	0.0	360831	2710.93589213677	0.004705182	0.75
758.2222539228173	750	32.245751155456446	0.0	372963	2757.764627502343	0.004705182	0.75
761.2033588234741	750	33.26464625479961	0.0	405596	2981.1049006568433	0.004705182	0.75
764.1415087189538	750	34.32649635931992	0.0	350713	2938.149895479686	0.0055938037	0.75
767.0487340952449	750	35.419270983028824	0.0	386472	2907.225376291098	0.0053539844	0.75
770.2642412515247	750	36.20376382674903	0.0	399894	3215.5071562797907	0.00982627	0.75
773.8546437270193	750	36.61336135125439	0.0	401853	3590.402475494644	0.02009546	0.75
776.5973416492917	750	37.870663428981985	0.0	343800	2742.697922272405	0.020939654	0.75
780.0050933842191	750	38.462911694054526	0.0	359903	3407.7517349274535	0.051019296	0.75
784.9555721211116	750	37.51243295716211	0.0	379700	4950.4787368924135	0.039481103	0.75
790.125986311803	750	36.342018766470716	0.0	425781	5170.414190691389	0.007957089	0.75
793.3537460324719	750	37.114259045801795	0.0	277716	3227.759720668924	0.010113876	0.75
797.1652184453748	750	37.30278663289896	0.0	400396	3811.47241290284	0.009768497	0.75
801.3109297452253	750	37.157075333048525	0.0	400508	4145.711299850431	0.034954555	0.75
805.5306107859739	750	36.93739429229994	0.0	358218	4219.68104074858	0.062298764	0.75
811.0875486094727	750	35.38045646880109	0.0	400322	5556.937823498847	0.04587995	0.75
815.9856855581379	750	34.48231952013581	0.0	369834	4898.136948665285	0.017155984	0.75
827.9225118236643	750	26.545493254609397	0.0	412837	11936.82626552641	0.01839997	0.75
842.2963851837135	750	16.17161989456017	0.0	401088	14373.873360049229	0.32503203	0.75
847.1341743699671	300	15.333830708306564	0.0	159914	4837.789186253605	0.004705182	-0.15000000000000002
850.7759679106593	300	15.69203716761421	0.0	131610	3641.793540692355	0.004705182	0.3
855.1778008520807	300	15.290204226192863	0.0	124011	4401.832941421346	0.010562397	0.3
859.3052940428412	300	15.162711035432338	0.0	144254	4127.493190760526	0.0060564894	0.3
861.9801839645762	300	16.487821113697258	0.0	149991	2674.8899217350818	0.006586361	0.3
864.5149479408643	300	17.953057137409097	0.0	147968	2534.76397628816	0.082593225	0.3
867.5705800419139	300	18.897425036359536	0.0	161857	3055.632101049562	0.1568247	0.3
870.5691054801563	300	19.898899598117186	0.0	145210	2998.5254382423477	0.09621758	0.3
875.9043122657398	300	18.563692812533628	0.0	172312	5335.20678558356	0.6526405	0.3
879.9390071275502	300	18.52899795072322	0.0	167025	4034.6948618104075	0.41013703	0.3
885.1935309984991	300	17.27447407977431	0.0	160064	5254.52387094891	0.6929592	0.3
887.6727035864309	300	18.79530149184254	0.0	137507	2479.17258793177	0.39785445	0.3
889.0368325088924	300	21.431172569381044	0.0	118421	1364.128922461497	0.69660527	0.3

