20021.805631002484	750	4.0	3.383176362969059	450283	3383.176362969059	0.011405886	-13.797658360766953
20027.41033924625	750	4.0	1.6047082437637228	398865	5604.708243763723	0.63293463	-6.150245448184008
20028.621378029333	300	6.788961216917923	0.0	139857	1211.0387830820769	0.004705182	-0.15000000000000002
20029.79751039009	300	9.612828856158764	0.0	155432	1176.1323607591607	0.0048431796	0.3
20031.053273383237	300	12.357065863014622	0.0	163442	1255.76299314414	0.010948317	0.3
20031.97262000164	300	15.437719244612355	0.0	126289	919.3466184022667	0.1746056	0.3
20033.030248533145	300	18.38009071310886	0.0	153295	1057.6285315034936	0.05415052	0.3
20034.46127138052	300	20.949067865733475	0.0	173849	1431.0228473753862	0.043476887	0.3
20035.73979165403	300	23.67054759222713	0.0	150710	1278.520273506345	0.05717622	0.3
20036.911394675946	300	26.498944570305873	0.0	139105	1171.603021921254	0.061997667	0.3
20038.115959000752	300	29.29438024550248	0.0	141840	1204.5643248033916	0.31598717	0.3
20039.40617527611	300	32.00416397014124	0.0	156148	1290.2162753612386	0.45277333	0.3
20040.988332272478	300	34.422006973776064	0.0	160746	1582.156996365183	0.69423056	0.3
20044.807191161355	750	34.60314808489798	0.0	434409	3818.8588888780832	0.6180297	0.3
20050.190754904732	750	33.21958434152215	0.0	337059	5383.563743375829	0.011899782	0.75
20053.829611509445	750	33.58072773680707	0.0	366214	3638.8566047150807	0.107928984	0.75
20056.46261874371	750	34.94772050254239	0.0	360831	2633.007234264677	0.014063626	0.75
20058.970691952898	750	36.4396472933544	0.0	372963	2508.0732091879954	0.004705182	0.75
20061.545277265024	750	37.8650619812301	0.0	405596	2574.5853121242976	0.0057502626	0.75
20064.234958982495	750	39.17538026375894	0.0	350713	2689.6817174711614	0.021061068	0.75
20067.36326847098	750	40.04707077527298	0.0	386472	3128.30948848596	0.024666712	0.75
20070.580539380364	750	40.829799865888525	0.0	399894	3217.2709093844546	0.03626213	0.75
20072.947248521832	750	42.46309072442127	0.0	401853	2366.709141467256	0.05510707	0.75
20075.146164392267	750	44.26417485398511	0.0	343800	2198.9158704361616	0.69460213	0.75
20077.742712597483	750	45.66762664876877	0.0	359903	2596.5482052163457	0.60117304	0.75
20081.788185824575	1200	45.62215342167621	0.0	590335	4045.473227092561	0.45477617	0.75
20086.465825926098	1200	44.94451332015198	0.0	696376	4677.640101524229	0.0055040517	1.2
20089.890675426832	1200	45.51966381941651	0.0	487160	3424.8495007354736	0.004705182	1.2
20094.447887852835	1200	44.96245139341295	0.0	622896	4557.212426003557	0.004705182	1.2
20098.984375476506	1200	44.42596376974495	0.0	641447	4536.487623668	0.004705182	1.2
20106.293144791187	1200	41.11719445506561	0.0	570392	7308.769314679346	0.004705182	1.2
20113.255906605038	1200	38.15443264121183	0.0	620283	6962.761813853776	0.012065052	1.2
20117.994516586547	1200	37.4158226597034	0.0	584349	4738.6099815084235	0.015511062	1.2
20123.007669378232	1200	36.402669868017284	0.0	670129	5013.152791686114	0.006147277	1.2
20128.716915640416	1200	34.69342360583164	0.0	690253	5709.246262185648	0.004705182	1.2
20136.732862579862	1200	30.67747666638665	0.0	598727	8015.946939444989	0.004705182	1.2
20140.937274236712	1200	30.473065009535997	0.0	487812	4204.411656850655	0.037980795	1.2
20144.932180872423	1200	30.47815837382862	0.0	575591	3994.906635707374	0.009836735	1.2
20148.945429779385	1200	30.46490946686756	0.0	605884	4013.24890696106	0.0051890197	1.2
20153.715025793925	1200	29.69531345232785	0.0	587506	4769.596014539711	0.004705182	1.2
20157.72271888298	1200	29.687620363273133	0.0	566904	4007.6930890547137	0.004705182	1.2
20161.69782731432	1200	29.71251193192886	0.0	641452	3975.1084313442757	0.0047098305	1.2
20165.848134056192	1200	29.562205190058602	0.0	599477	4150.306741870258	0.0064785653	1.2
20170.04516646723	1200	29.36517277902151	0.0	634861	4197.032411037091	0.0053022536	1.2
20174.491585682692	1200	28.918753563563264	0.0	630203	4446.419215458244	0.015087657	1.2
20179.121292894277	1200	28.28904635197668	0.0	638661	4629.707211586583	0.018571282	1.2
20183.064193521546	1200	28.34614572470771	0.0	538612	3942.9006272689667	0.026427938	1.2
20189.250207847006	1200	26.160131399249373	0.0	550906	6186.014325458336	0.012465241	1.2

