16939.785275391547	750	4.0	2.005422751396268	450283	2005.4227513962683	0.299604	-7.873317831003952
16942.019312914057	750	5.765962477485412	0.0	398865	2234.037522514588	0.004705182	0.75
16944.12200169488	750	7.663273696664623	0.0	350812	2102.6887808207885	0.0072365445	0.75
16946.33266250339	750	9.452612888153697	0.0	382355	2210.6608085109256	0.14902344	0.75
16948.651118237503	750	11.134157154042203	0.0	411561	2318.4557341114946	0.032286465	0.75
16950.36362613387	750	13.421649257674977	0.0	318564	1712.507896367226	0.018696819	0.75
16952.442588516635	750	15.34268687491009	0.0	352642	2078.9623827648857	0.06738893	0.75
16954.917115259213	750	16.868160132330654	0.0	437162	2474.526742579435	0.20903067	0.75
16956.636264717323	750	19.149010674224325	0.0	374758	1719.1494581063273	0.08499218	0.75
16959.43549979989	750	20.349775591656204	0.0	362795	2799.2350825681206	0.01982211	0.75
16961.700705327232	750	22.08457006431217	0.0	353220	2265.205527344036	0.23277766	0.75
16963.8577534428	750	23.92752194874061	0.0	405134	2157.048115571564	0.05183161	0.75
16965.56348473342	750	26.221790658124554	0.0	386351	1705.731290616053	0.006409373	0.75
16967.58487270033	750	28.200402691213533	0.0	434409	2021.3879669110195	0.011971886	0.75
16969.107626276542	750	30.677649115002424	0.0	337059	1522.753576211112	0.030568685	0.75
16970.959987148082	750	32.82528824345901	0.0	366214	1852.3608715434068	0.2965378	0.75
16972.461042957675	750	35.32423243386867	0.0	360831	1501.0558095903432	0.34012154	0.75
16975.119356902767	1200	36.66591848877753	0.0	581493	2658.313945091147	0.31392312	0.75
16978.184909885582	1200	37.60036550596427	0.0	639204	3065.5529828132535	0.00539775	1.2
16981.21332772683	1200	38.571947664716205	0.0	586839	3028.417841248065	0.004705182	1.2
16984.641458119302	1200	39.14381727224406	0.0	601738	3428.1303924721506	0.004705182	1.2
16988.243555962603	1200	39.541719428944354	0.0	616206	3602.0978432997003	0.004705182	1.2
16992.24277479864	1200	39.54250059291064	0.0	656471	3999.21883603372	0.004705182	1.2
16995.518899136514	1200	40.266376255035745	0.0	536667	3276.1243378748977	0.004705182	1.2
16998.595903928865	1200	41.189371462682836	0.0	587236	3077.0047923529028	0.004705182	1.2
17002.774023214977	1200	41.01125217656982	0.0	590335	4178.119286113022	0.004705182	1.2
17009.662660648853	1200	38.12261474269566	0.0	696376	6888.6374338741625	0.004705182	1.2
17016.73118004306	1200	35.05409534848954	0.0	487160	7068.519394206121	0.015981097	1.2
17024.524249171212	1200	31.261026220337357	0.0	622896	7793.069128152178	0.37854362	1.2
17027.82040874793	750	31.96486664361786	0.0	400508	3296.1595767194954	0.671435	0.3
17030.694153734334	750	33.091121657213705	0.0	358218	2873.7449864041596	0.11303454	0.75
17034.17595899308	750	33.60931639846681	0.0	400322	3481.805258746902	0.2613986	0.75
17041.06049326989	1200	30.724782121656386	0.0	584349	6884.534276810419	0.5094623	0.75
17047.765649623445	1200	28.01962576810007	0.0	670129	6705.156353556316	0.50696594	1.2
17051.344797324142	750	28.4404780674035	0.0	401088	3579.1477006965706	0.43785012	0.3
17054.622804610426	750	29.162470781118895	0.0	365161	3278.007286284602	0.1412513	0.75
17057.899958641337	750	29.885316750207107	0.0	321064	3277.1540309117886	0.13407166	0.75
17062.110968945686	750	29.674306445860065	0.0	361565	4211.010304347045	0.2208669	0.75
17069.243428680562	750	26.541846710984434	0.0	378327	7132.45973487563	0.18307394	0.75
17077.43827606009	750	22.34699933145745	0.0	390680	8194.847379526986	0.008555514	0.75
17083.806300865435	750	19.978974526114236	0.0	345516	6368.024805343216	0.004705182	0.75
17086.896057064234	750	20.889218327314943	0.0	384505	3089.756198799291	0.004705182	0.75
17089.81548064068	750	21.969794750870612	0.0	372093	2919.423576444329	0.04746066	0.75
17092.861732795038	750	22.923542596512746	0.0	438281	3046.2521543578655	0.27231994	0.75
17097.93541086593	1200	21.849864525618887	0.0	630203	5073.67807089386	0.4685279	0.75
17103.41716444332	1200	20.36811094823307	0.0	638661	5481.753577385815	0.010186373	1.2
17108.01643546197	1200	19.7688399295794	0.0	538612	4599.2710186536715	0.010491758	1.2
17112.96767376912	1200	18.817601622432825	0.0	550906	4951.238307146573	0.017666126	1.2

