349.6663600227759	750	4.0	1.8710689380755445	450283	1871.0689380755446	0.12370879	-7.295596433724841
351.26937393456893	750	6.396986088206931	0.0	398865	1603.0139117930696	0.004705182	0.75
352.40212671302334	750	9.264233309752525	0.0	350812	1132.7527784544063	0.004705182	0.75
353.4655765581454	750	12.200783464630447	0.0	382355	1063.449845122077	0.004705182	0.75
354.6229768761615	750	15.043383146614369	0.0	411561	1157.400318016078	0.28862295	0.75
355.98265301575225	1200	17.683707007023585	0.0	520315	1359.676139590782	0.6591493	0.75
357.5831704778027	1200	20.08318954497318	0.0	561791	1600.5174620504024	0.006803788	1.2
359.7159920220751	1200	21.950368000700763	0.0	709534	2132.8215442724168	0.005215421	1.2
361.75628476517545	1200	23.910075257600447	0.0	584846	2040.2927431003197	0.004705182	1.2
365.21257671665614	1200	24.45378330611972	0.0	560821	3456.2919514807268	0.004705182	1.2
367.15660050555465	1200	26.509759517221223	0.0	607410	1944.023788898497	0.1351713	1.2
368.9666543807996	1200	28.69970564197631	0.0	594078	1810.0538752449168	0.004705182	1.2
370.8367264944132	1200	30.829633528362642	0.0	624282	1870.0721136136633	0.004705182	1.2
372.6475708764399	1200	33.01878914633598	0.0	687371	1810.8443820266625	0.004705182	1.2
374.23947020478874	1200	35.42688981798712	0.0	526950	1591.8993283488633	0.012462662	1.2
376.31125658271844	1200	37.355103440057405	0.0	587876	2071.786377929714	0.012620757	1.2
378.4973692482444	1200	39.16899077453148	0.0	617242	2186.11266552593	0.008184547	1.2
380.4434739084055	1200	41.222886114370326	0.0	581493	1946.1046601611536	0.017605968	1.2
382.3118604615227	1200	43.354499561253135	0.0	639204	1868.3865531171868	0.10553256	1.2
386.1265819358735	2850	43.53977808690237	0.0	1336050	3814.7214743507675	0.40829006	1.2000000000000002
391.08507747660025	2850	42.581282546175636	0.0	1415116	4958.495540726732	0.004705182	2.85
396.83603683602934	2850	40.83032318674658	0.0	1468126	5750.959359429054	0.004705182	2.85
403.1621123626969	2850	38.50424766007902	0.0	1505760	6326.075526667561	0.004705182	2.85
410.7548089928725	2850	34.91155102990345	0.0	1323990	7592.69663017557	0.004705182	2.85
421.28300390345015	2850	28.3833561193258	0.0	1383735	10528.194910577651	0.069019206	2.85
429.10331070179024	1200	24.563049320985755	0.0	590335	7820.306798340044	0.0048483526	-0.44999999999999996
434.64823970630425	1200	23.018120316471705	0.0	696376	5544.929004514052	0.1880712	1.2
439.2538971993694	1200	22.412462823406518	0.0	487160	4605.657493065189	0.059687514	1.2
444.47177627422855	1200	21.194583748547455	0.0	622896	5217.879074859062	0.6340701	1.2
450.43813081144606	1200	19.228229211329936	0.0	641447	5966.354537217518	0.6187225	1.2
453.59582491701366	750	20.07053510576237	0.0	358218	3157.6941055675657	0.3989386	0.3
457.97011970902815	750	19.696240313747822	0.0	400322	4374.294792014548	0.008268292	0.75
462.64559288810517	750	19.020767134670788	0.0	369834	4675.473179077033	0.004705182	0.75
466.3741609511839	750	19.292199071592073	0.0	412837	3728.568063078713	0.004705182	0.75
469.59289670632006	750	20.073463316455946	0.0	401088	3218.7357551361283	0.004975407	0.75
472.36415144306784	750	21.30220857970819	0.0	365161	2771.254736747756	0.009913163	0.75
474.99236982394115	750	22.673990198834854	0.0	321064	2628.2183808733366	0.044324953	0.75
477.9025562087321	750	23.763803814043865	0.0	361565	2910.186384790987	0.04539075	0.75
480.9101666298802	750	24.756193392895806	0.0	378327	3007.6104211480592	0.20216817	0.75
484.19946507729594	750	25.466894945480053	0.0	390680	3289.298447415752	0.39827472	0.75
488.6825846463256	1200	24.983775376450417	0.0	566904	4483.119569029639	0.5219482	0.75
493.8767802169984	1200	23.789579805777652	0.0	641452	5194.195570672765	0.022532558	1.2
498.99506086748676	1200	22.671299155289265	0.0	599477	5118.280650488388	0.012336433	1.2
505.6090683314936	1200	20.057291691282444	0.0	634861	6614.00746400682	0.014791612	1.2
510.5257786681944	1200	19.140581354581656	0.0	630203	4916.7103367007885	0.06652159	1.2
514.5944142013318	1200	19.071945821444203	0.0	638661	4068.635533137454	0.011223337	1.2
518.5680860072879	1200	19.098274015488194	0.0	538612	3973.671805956008	0.004705182	1.2
522.7527516819761	1200	18.913608340799982	0.0	550906	4184.66567468821	0.0052412595	1.2

