1223.1934951087767	750	4.0	0.848125509873515	450283	848.1255098735149	0.004705182	-2.8969396924561144
1224.40502408666	1200	6.788471022116791	0.0	611087	1211.5289778832089	0.060536675	0.75
1225.1314046100908	750	10.06209049868583	0.0	350812	726.3805234309608	0.6516033	0.3
1226.4220065360391	1200	12.771488572737653	0.0	617681	1290.6019259481773	0.085341215	0.75
1227.809194414217	1200	15.38430069455957	0.0	652874	1387.187878178083	0.004705182	1.2
1228.7760440310992	1200	18.417451077677306	0.0	520315	966.8496168822646	0.004705182	1.2
1230.0188086134065	1200	21.174686495369965	0.0	561791	1242.7645823073412	0.004705182	1.2
1231.3387585824494	1200	23.854736526327216	0.0	709534	1319.9499690427492	0.004705182	1.2
1232.5830812471434	1200	26.610413861633113	0.0	584846	1244.3226646941043	0.66673374	1.2
1235.230953608162	2850	27.962541500614616	0.0	1429765	2647.872361018494	0.62694514	1.2000000000000002
1237.8195194707855	2850	29.37397563799113	0.0	1354548	2588.565862623486	0.012607347	2.85
1240.5763828439012	2850	30.617112264875555	0.0	1519951	2756.863373115576	0.011076315	2.85
1243.2584280020083	2850	31.935067106768535	0.0	1422919	2682.045158107018	0.04536211	2.85
1246.2270633399705	2850	32.96643176880618	0.0	1578343	2968.6353379623583	0.035891563	2.85
1248.6042589644187	2850	34.58923614435802	0.0	1231445	2377.19562444816	0.20264901	2.85
1251.5443026006587	2850	35.649192508117935	0.0	1471065	2940.043636240078	0.12079445	2.85
1254.602111910579	2850	36.59138319819761	0.0	1491626	3057.8093099203215	0.12745911	2.85
1257.1075208478235	2850	38.08597426095308	0.0	1358801	2505.4089372445283	0.2683338	2.85
1261.196154494282	4300	37.9973406144946	0.0	2220726	4088.6336464584792	0.4476576	2.8499999999999996
1265.4356830105994	4300	37.75781209817706	0.0	2156729	4239.528516317535	0.004705182	4.3
1269.2122507661202	4300	37.98124434265616	0.0	2039773	3776.5677555209027	0.004705182	4.3
1273.8183806936393	4300	37.37511441513706	0.0	2176469	4606.1299275191	0.004705182	4.3
1277.9703027980004	4300	37.2231923107759	0.0	2221506	4151.9221043611615	0.004705182	4.3
1281.8788428204623	4300	37.314652288314086	0.0	2044075	3908.5400224618134	0.004705182	4.3
1285.877247471678	4300	37.31624763709866	0.0	2186790	3998.4046512154246	0.004705182	4.3
1289.7994428806348	4300	37.39405222814149	0.0	2105231	3922.195408957176	0.004705182	4.3
1293.9741389532126	4300	37.2193561555637	0.0	2395588	4174.696072577788	0.004705182	4.3
1297.6093744235911	4300	37.58412068518511	0.0	1972048	3635.2354703785873	0.004705182	4.3
1301.8285865473176	4300	37.364908561458606	0.0	2134614	4219.212123726504	0.004705182	4.3
1306.1559327340494	4300	37.03756237472685	0.0	2164140	4327.346186731756	0.004705182	4.3
1310.2555953150654	4300	36.937899793710805	0.0	2113193	4099.662581016044	0.004705182	4.3
1314.1579438837696	4300	37.03555122500652	0.0	2147852	3902.348568704284	0.004705182	4.3
1318.159867554002	4300	37.033627554774306	0.0	2191074	4001.923670232217	0.004705182	4.3
1322.1849068322344	4300	37.008588276541836	0.0	2286761	4025.0392782324698	0.004705182	4.3
1326.7095408759958	4300	36.48395423278064	0.0	2307787	4524.634043761193	0.004705182	4.3
1330.787651896264	4300	36.40584321251249	0.0	2143948	4078.111020268154	0.004705182	4.3
1334.3134661135196	4300	36.88002899525691	0.0	1919781	3525.814217255579	0.004705182	4.3
1338.4485770456074	4300	36.74491806316914	0.0	2147467	4135.110932087774	0.004705182	4.3
1342.5950326131215	4300	36.598462495655134	0.0	2133870	4146.455567513998	0.004705182	4.3
1346.6166965984228	4300	36.57679851035385	0.0	2146120	4021.6639853012834	0.004705182	4.3
1350.4617770079103	4300	36.73171810086603	0.0	2108491	3845.080409487819	0.004705182	4.3
1354.4914740687495	4300	36.70202104002696	0.0	2184571	4029.6970608390675	0.004705182	4.3
1358.6582915408617	4300	36.53520356791484	0.0	2121928	4166.817472112121	0.004705182	4.3
1363.0926173487003	4300	36.100877760076195	0.0	2219102	4434.325807838641	0.004705182	4.3
1366.8731366601646	4300	36.320358448611735	0.0	2124950	3780.519311464461	0.004705182	4.3
1371.25138657064	4300	35.94210853813634	0.0	2246506	4378.249910475396	0.004705182	4.3
1375.0004072660008	4300	36.193087842775775	0.0	1961140	3749.020695360559	0.004705182	4.3
1379.0964535984167	4300	36.097041510359865	0.0	2155012	4096.046332415913	0.004705182	4.3

