7960.913731058047	750	4.0	9.971750996673139	450283	9971.75099667314	0.12229945	-42.1285292856945
7964.397354967279	300	4.516376090767351	0.0	155580	3483.623909232648	0.004705182	-0.15000000000000002
7966.682353182827	300	6.23137787521933	0.0	139857	2284.998215548021	0.004705182	0.3
7968.483438868681	300	8.430292189365248	0.0	155432	1801.085685854082	0.004705182	0.3
7969.970324315568	300	10.943406742477846	0.0	163442	1486.8854468874028	0.004705182	0.3
7971.0688528771	300	13.844878180946663	0.0	126289	1098.5285615311818	0.019511485	0.3
7972.290325524298	300	16.623405533748365	0.0	153295	1221.4726471982992	0.004705182	0.3
7973.5233499088745	300	19.390381149172665	0.0	173849	1233.0243845756975	0.0050819363	0.3
7974.603952784846	300	22.309778273200813	0.0	150710	1080.6028759718529	0.008304311	0.3
7975.517613546967	300	25.396117511080043	0.0	139105	913.660762120769	0.078415744	0.3
7976.5981096856485	300	28.315621372399495	0.0	141840	1080.496138680549	0.27593726	0.3
7977.731624196443	300	31.182106861604897	0.0	156148	1133.514510794597	0.44539732	0.3
7978.7711922473245	300	34.142538810722684	0.0	160746	1039.5680508822147	0.67238563	0.3
7981.448208721526	750	35.46552233652159	0.0	434409	2677.0164742010966	0.1511428	0.3
7983.507697533647	750	37.40603352440132	0.0	337059	2059.488812120261	0.0075252773	0.75
7985.638775652474	750	39.274955405573884	0.0	366214	2131.0781188274404	0.014367142	0.75
7987.604775012337	750	41.30895604571095	0.0	360831	1965.9993598629385	0.05251091	0.75
7991.535250859455	750	41.37848019859195	0.0	372963	3930.4758471189916	0.40845287	0.75
7994.834629737683	750	42.07910132036489	0.0	405596	3299.3788782270667	0.016698854	0.75
7997.465444922958	750	43.448286135089326	0.0	350713	2630.8151852755586	0.067770034	0.75
8000.796728730879	750	44.11700232716765	0.0	386472	3331.2838079216795	0.18962449	0.75
8005.610327966701	750	43.30340309134648	0.0	399894	4813.59923582117	0.13178118	0.75
8009.364023207143	750	43.54970785090498	0.0	401853	3753.6952404414965	0.01973387	0.75
8011.738346448365	750	45.175384609683114	0.0	343800	2374.323241221872	0.11757595	0.75
8016.758395703824	1200	44.15533535422396	0.0	587236	5020.0492554591565	0.6692576	0.75
8023.061031414404	1200	41.852699643643724	0.0	590335	6302.635710580229	0.10999426	1.2
8034.425367803406	1200	34.48836325464236	0.0	696376	11364.336389001364	0.27786025	1.2
8038.851479519887	750	34.06225153816097	0.0	277716	4426.11171648139	0.20389043	0.3
8046.309015404333	750	30.60471565371444	0.0	400396	7457.53588444653	0.004705182	0.75
8051.803643766232	750	29.11008729181594	0.0	400508	5494.6283618985	0.004705182	0.75
8054.2688920181035	750	30.644839039944262	0.0	358218	2465.24825187168	0.004705182	0.75
8057.063877310268	750	31.849853747779292	0.0	400322	2794.985292164968	0.09146766	0.75
8059.285556823187	750	33.628174234860474	0.0	369834	2221.679512918817	0.35248965	0.75
8063.864911356056	1200	33.04881970199145	0.0	670129	4579.354532869026	0.37129933	0.75
8070.485571966297	1200	30.428159091750313	0.0	690253	6620.660610241137	0.011436973	1.2
8075.023568985349	1200	29.890162072698917	0.0	598727	4537.997019051395	0.043742914	1.2
8079.5389006374635	1200	29.37483042058393	0.0	487812	4515.331652114988	0.008957334	1.2
8085.104573292525	1200	27.809157765523445	0.0	575591	5565.672655060487	0.036756683	1.2
8091.194561431506	1200	25.719169626541188	0.0	605884	6089.988138982255	0.026736526	1.2
8094.099625120018	1200	26.814105938029936	0.0	587506	2905.063688511251	0.044254422	1.2
8096.342606663974	1200	28.571124394073987	0.0	566904	2242.9815439559507	0.004705182	1.2
8099.381243985388	1200	29.53248707265932	0.0	641452	3038.6373214146693	0.012193058	1.2
8103.264971331916	1200	29.648759726131765	0.0	599477	3883.7273465275525	0.071482666	1.2
8107.944809157718	1200	28.96892190032976	0.0	634861	4679.837825802003	0.03127808	1.2
8113.791039177213	1200	27.122691880834992	0.0	630203	5846.23001949477	0.026941046	1.2
8119.071949021903	1200	25.841782036145148	0.0	638661	5280.9098446898415	0.0058055054	1.2
8124.911929018298	1200	24.001802039749652	0.0	538612	5839.979996395496	0.0070001683	1.2
8132.692546396948	1200	20.22118466109972	0.0	550906	7780.617378649932	0.004714241	1.2

