1911.434969588118	750	4.0	2.993897582587049	450283	2993.897582587049	0.34773144	-12.12375960512431
1913.958809068744	750	5.4761605193743845	0.0	398865	2523.8394806256156	0.17283745	0.75
1915.3729469176908	750	8.062022670427524	0.0	350812	1414.13784894686	0.073517926	0.75
1916.6598997439608	750	10.775069844157693	0.0	382355	1286.9528262698318	0.010389634	0.75
1917.805388844523	750	13.629580743595572	0.0	411561	1145.4891005621203	0.0047534555	0.75
1918.8587194193033	750	16.576250168814994	0.0	318564	1053.33057478058	0.33606732	0.75
1920.024592759832	750	19.41037682828636	0.0	352642	1165.873340528634	0.24471645	0.75
1921.498292313683	750	21.936677274435546	0.0	437162	1473.6995538508118	0.696024	0.75
1923.2999450870007	1200	24.135024501117552	0.0	584846	1801.652773317993	0.4471648	0.75
1925.088134652665	1200	26.346834935453234	0.0	560821	1788.1895656643203	0.0055571427	1.2
1926.6809550317041	1200	28.75401455641417	0.0	607410	1592.820379039062	0.004705182	1.2
1928.6156000301053	1200	30.81936955801306	0.0	594078	1934.6449984011103	0.004705182	1.2
1930.9714749737661	1200	32.46349461435223	0.0	624282	2355.8749436608346	0.004705182	1.2
1933.0934693050517	1200	34.34150028306659	0.0	687371	2121.994331285646	0.004705182	1.2
1935.0342243509	1200	36.40074523721826	0.0	526950	1940.755045848321	0.00808442	1.2
1937.1605977897452	1200	38.27437179837318	0.0	587876	2126.373438845079	0.0059820004	1.2
1939.27543184771	1200	40.1595377404086	0.0	617242	2114.834057964579	0.0069495575	1.2
1941.3714852843732	1200	42.06348430374526	0.0	581493	2096.0534366633415	0.023871066	1.2
1943.8852265848275	1200	43.54974300329087	0.0	639204	2513.7413004543837	0.029579688	1.2
1946.4306877245513	1200	45.004281863567144	0.0	586839	2545.46113972373	0.022829317	1.2
1948.7069169512074	1200	46.7280526369108	0.0	601738	2276.2292266563395	0.02028003	1.2
1951.169945437014	1200	48.26502415110431	0.0	616206	2463.0284858064897	0.08066473	1.2
1953.9833549662526	1200	49.45161462186566	0.0	656471	2813.4095292386546	0.08704524	1.2
1956.308273331191	1200	51.126696256927296	0.0	536667	2324.9183649383654	0.20471238	1.2
1958.5897644032475	1200	52.84520518487065	0.0	587236	2281.4910720566513	0.29758823	1.2
1963.9842821965985	2850	51.45068739151959	0.0	1480464	5394.517793351057	0.5981434	1.2000000000000002
1969.891856433491	2850	49.54311315462723	0.0	1547572	5907.57423689236	0.004705182	2.85
1974.68455635067	2850	48.7504132374484	0.0	1141971	4792.699917178836	0.004705182	2.85
1980.8887175213413	2850	46.546252066776944	0.0	1498470	6204.16117067145	0.004705182	2.85
1987.2821817872352	2850	44.15278780088308	0.0	1561263	6393.464265893864	0.004705182	2.85
1993.0282031911172	2850	42.406766397001064	0.0	1341201	5746.021403882016	0.004705182	2.85
2001.689730435356	2850	37.7452391527622	0.0	1497683	8661.527244238861	0.004705182	2.85
2009.396787823215	2850	34.03818176490339	0.0	1358081	7707.0573878588075	0.004705182	2.85
2021.5141548471206	2850	25.92081474099773	0.0	1587293	12117.367023905661	0.004705182	2.85
2025.3964744929094	1200	26.038495095209065	0.0	690253	3882.3196457886643	0.016887527	-0.44999999999999996
2027.572165857464	1200	27.86280373065452	0.0	598727	2175.6913645545465	0.004705182	1.2
2029.535304876297	1200	29.899664711821234	0.0	487812	1963.139018833283	0.004705182	1.2
2031.8090757662014	1200	31.62589382191688	0.0	575591	2273.770889904359	0.021432754	1.2
2037.560445627082	2850	29.874523961036278	0.0	1427478	5751.369860880602	0.5397442	1.2000000000000002
2043.807391851416	2850	27.62757773670214	0.0	1402287	6246.946224334137	0.004705182	2.85
2048.8122179628276	2850	26.622751625290643	0.0	1339500	5004.826111411499	0.004705182	2.85
2055.112762945933	2850	24.322206642185247	0.0	1527299	6300.544983105397	0.004705182	2.85
2061.641044823739	2850	21.793924764379483	0.0	1343002	6528.281877805762	0.0053664255	2.85
2067.842664370791	2850	19.59230521732708	0.0	1587250	6201.619547052404	0.004705182	2.85
2073.13133987489	2850	18.30362971322814	0.0	1464921	5288.67550409894	0.004705182	2.85
2078.7361332235823	2850	16.69883636453579	0.0	1483527	5604.79334869235	0.004705182	2.85
2083.3699573872277	2850	16.06501220089025	0.0	1231456	4633.82416364554	0.004705182	2.85
2088.3440367752773	2850	15.090932812840496	0.0	1364537	4974.079388049755	0.004705182	2.85

