16584.542168427546	750	4.0	5.775321338143219	450283	5775.321338143219	0.16827682	-24.08388175401584
16585.859328172413	300	6.682840255133825	0.0	155580	1317.159744866175	0.004705182	-0.15000000000000002
16586.976459702575	300	9.565708724972165	0.0	139857	1117.1315301616603	0.035398707	0.3
16588.22912503551	300	12.313043392038171	0.0	155432	1252.6653329339927	0.005791812	0.3
16589.61552465655	300	14.926643770998389	0.0	163442	1386.3996210397818	0.048809934	0.3
16590.69099251975	300	17.851175907799078	0.0	126289	1075.4678631993083	0.10455925	0.3
16592.019260856177	300	20.522907571372347	0.0	153295	1328.268336426731	0.025241578	0.3
16593.556934903725	300	22.985233523823265	0.0	173849	1537.6740475490794	0.022168918	0.3
16595.378793476244	300	25.163374951303272	0.0	150710	1821.8585725199966	0.035950016	0.3
16597.15616828954	300	27.386000138005354	0.0	139105	1777.3748132979167	0.07355977	0.3
16598.858727448056	300	29.68344097948931	0.0	141840	1702.5591585160491	0.057522886	0.3
16600.207403422493	300	32.334765005054784	0.0	156148	1348.6759744345259	0.07292074	0.3
16601.47086401117	300	35.071304416373394	0.0	160746	1263.4605886813868	0.4581245	0.3
16606.106520175377	750	34.435648252167	0.0	434409	4635.656164206399	0.62275773	0.3
16609.486169335636	750	35.05599909190858	0.0	337059	3379.6491602584088	0.06026572	0.75
16612.359066723857	750	36.1831017036885	0.0	366214	2872.8973882200858	0.007895222	0.75
16615.586354294977	750	36.955814132570225	0.0	360831	3227.2875711182783	0.004705182	0.75
16618.02802066948	750	38.514147758065825	0.0	372963	2441.6663745044025	0.004705182	0.75
16621.321110157933	750	39.221058269612804	0.0	405596	3293.0894884530226	0.008358223	0.75
16626.125162600103	750	38.417005827443816	0.0	350713	4804.052442168986	0.008868238	0.75
16633.139641256577	750	35.40252717096998	0.0	386472	7014.478656473839	0.004705182	0.75
16638.701919946216	750	33.84024848133004	0.0	399894	5562.278689639941	0.004705182	0.75
16643.41159851686	750	33.13056991068492	0.0	401853	4709.678570645119	0.004705182	0.75
16648.403116693626	750	32.13905173391964	0.0	343800	4991.5181767652775	0.004705182	0.75
16651.999051290826	750	32.543117136722095	0.0	359903	3595.9345971975476	0.004705182	0.75
16658.038813967454	750	30.503354460093707	0.0	379700	6039.762676628389	0.004705182	0.75
16662.079079556424	750	30.463088871122785	0.0	425781	4040.2655889709195	0.004705182	0.75
16664.940117883834	750	31.602050543714608	0.0	277716	2861.038327408175	0.004918265	0.75
16672.026407072204	750	28.515761355343276	0.0	400396	7086.289188371334	0.004705182	0.75
16674.309279125824	300	30.232889301725667	0.0	149029	2282.872053617609	0.004705182	-0.15000000000000002
16679.889638545992	750	28.65252988155502	0.0	358218	5580.359420170647	0.046427082	0.3
16686.156623074887	750	26.385545352661655	0.0	400322	6266.984528893364	0.004705182	0.75
16692.189509973246	750	24.352658454303498	0.0	369834	6032.886898358157	0.004705182	0.75
16698.673021214123	750	21.869147213424164	0.0	412837	6483.5112408793375	0.0061634807	0.75
16703.950604922167	750	20.5915635053818	0.0	401088	5277.583708042363	0.006526174	0.75
16709.59771859834	750	18.944449829210036	0.0	365161	5647.113676171764	0.004705182	0.75
16713.6385550298	750	18.903613397747453	0.0	321064	4040.8364314625846	0.00964907	0.75
16716.509606123036	750	20.03256230451107	0.0	361565	2871.051093236384	0.004705182	0.75
16720.232325054552	750	20.30984337299443	0.0	378327	3722.7189315166406	0.010995687	0.75
16725.767593444292	750	18.774574983254354	0.0	390680	5535.268389740075	0.008054789	0.75
16733.325804780463	750	15.21636364708497	0.0	345516	7558.2113361693855	0.004705182	0.75
16737.929644704764	750	14.612523722784193	0.0	384505	4603.839924300777	0.17315628	0.75
16741.196526924265	750	15.345641503280946	0.0	372093	3266.882219503248	0.0053142095	0.75
16746.639057786575	750	13.903110640971624	0.0	438281	5442.530862309321	0.0057788286	0.75
16751.345264647916	750	13.196903779630178	0.0	398987	4706.206861341448	0.007412015	0.75
16755.012126042388	750	13.530042385157229	0.0	393804	3666.861394472949	0.007158143	0.75
16758.621228270444	750	13.920940157101068	0.0	331053	3609.1022280561615	0.013021231	0.75
16761.649904553098	750	14.892263874448545	0.0	314107	3028.676282652523	0.006008347	0.75

