2794.7176513038785	750	4.0	1.8471370276969283	450283	1847.1370276969283	0.18910168	-7.192689219096792
2796.6568616940162	750	6.060789609862291	0.0	398865	1939.2103901377081	0.004705182	0.75
2798.3955075164286	750	8.322143787449836	0.0	350812	1738.6458224124558	0.004705182	0.75
2800.0553812824646	750	10.662270021413521	0.0	382355	1659.8737660363154	0.014071865	0.75
2801.868052149114	750	12.849599154763846	0.0	411561	1812.670866649674	0.005611211	0.75
2803.252360517901	750	15.465290785977238	0.0	318564	1384.3083687866076	0.0056482255	0.75
2805.075094671717	750	17.64255663216143	0.0	352642	1822.7341538158068	0.010515633	0.75
2806.9974041662804	750	19.72024713759806	0.0	437162	1922.3094945633695	0.028170701	0.75
2808.3248188781545	750	22.392832425724254	0.0	374758	1327.414711873806	0.0059275697	0.75
2809.552720486913	750	25.164930816965196	0.0	362795	1227.9016087590567	0.08758206	0.75
2812.1491818312124	1200	26.56846947266621	0.0	607410	2596.461344298986	0.69681215	0.75
2814.516341893315	1200	28.201309410563816	0.0	594078	2367.1600621023936	0.06857058	1.2
2817.2412071906106	1200	29.476444113267963	0.0	624282	2724.8652972958516	0.013610176	1.2
2820.5742082540437	1200	30.143443049834843	0.0	687371	3333.001063433121	0.014922078	1.2
2823.3159389656485	1200	31.401712338229746	0.0	526950	2741.7307116050993	0.022964004	1.2
2825.734071932037	1200	32.98357937184135	0.0	587876	2418.132966388402	0.040958602	1.2
2828.2559205126095	1200	34.461730791268586	0.0	617242	2521.8485805727614	0.004954387	1.2
2830.629417194901	1200	36.0882341089771	0.0	581493	2373.496682291488	0.004705182	1.2
2833.2892506680655	1200	37.42840063581243	0.0	639204	2659.833473164672	0.004705182	1.2
2835.2169762774893	1200	39.50067502638892	0.0	586839	1927.7256094235154	0.004705182	1.2
2837.286664645776	1200	41.430986658102015	0.0	601738	2069.688368286902	0.009483424	1.2
2839.988690913431	1200	42.72896039044686	0.0	616206	2702.0262676551542	0.016560696	1.2
2842.1576651109876	1200	44.55998619289037	0.0	656471	2168.9741975564916	0.01155862	1.2
2844.360320775939	1200	46.357330527939354	0.0	536667	2202.655664951013	0.5593125	1.2
2846.574593938767	1200	48.14305736511121	0.0	587236	2214.273162828142	0.30718052	1.2
2851.94212806579	2850	46.77552323808852	0.0	1480464	5367.534127022692	0.71508163	1.2000000000000002
2858.7284645882164	2850	43.98918671566141	0.0	1547572	6786.336522427109	0.004705182	2.85
2864.3304956908387	2850	42.38715561303917	0.0	1141971	5602.031102622242	0.004705182	2.85
2871.1885415824777	2850	39.52910972140055	0.0	1498470	6858.0458916386215	0.004705182	2.85
2877.993728870286	2850	36.723922433592534	0.0	1561263	6805.187287808018	0.004705182	2.85
2884.1264547816163	2850	34.59119652226189	0.0	1341201	6132.725911330646	0.004705182	2.85
2891.400145382767	2850	31.3175059211112	0.0	1497683	7273.690601150691	0.004705182	2.85
2901.7292678362905	2850	24.98838346758754	0.0	1358081	10329.122453523658	0.004705182	2.85
2913.836626502822	1200	16.881024801055652	0.0	670129	12107.358666531887	0.15104648	-0.44999999999999996
2917.4613971955055	750	17.256254108372477	0.0	401088	3624.770692683172	0.04577227	0.3
2920.2870957207597	750	18.430555583118142	0.0	365161	2825.6985252543395	0.14559218	0.75
2922.9224476564023	750	19.795203647475276	0.0	321064	2635.351935642867	0.27080667	0.75
2927.7259454148743	750	18.991705889003203	0.0	361565	4803.497758472072	0.24951252	0.75
2931.663392478685	750	19.054258825191884	0.0	378327	3937.447063811319	0.010260451	0.75
2935.068450007996	750	19.649201295881177	0.0	390680	3405.0575293107077	0.022091735	0.75
2937.438413358243	750	21.27923794563382	0.0	345516	2369.9633502473566	0.032978747	0.75
2940.438596966538	750	22.279054337338682	0.0	384505	3000.1836082951395	0.14522775	0.75
2943.575770930229	750	23.14188037364797	0.0	372093	3137.173963690711	0.5502951	0.75
2947.5773048715173	1200	23.140346432359568	0.0	634861	4001.533941288401	0.693044	0.75
2952.006131667603	1200	22.71151963627383	0.0	630203	4428.8267960857365	0.0049964036	1.2
2957.797979548738	1200	20.919671755138243	0.0	638661	5791.84788113559	0.004751191	1.2
2963.1507991343974	1200	19.56685216947909	0.0	538612	5352.819585659153	0.008632206	1.2
2970.4296451224295	1200	16.288006181447017	0.0	550906	7278.845988032073	0.023653017	1.2

