19315.432253020477	750	4.0	7.528019682657206	450283	7528.0196826572055	0.004952565	-31.62048463542598
19317.728607273544	300	5.7036457469296495	0.0	155580	2296.3542530703508	0.004705182	-0.15000000000000002
19319.733812944996	300	7.698440075476701	0.0	139857	2005.2056714529485	0.004705182	0.3
19322.131657698745	300	9.300595321732349	0.0	155432	2397.844753744352	0.004705182	0.3
19325.495272654895	300	9.936980365581523	0.0	163442	3363.614956150826	0.004705182	0.3
19327.746064675965	300	11.686188344512361	0.0	126289	2250.792021069161	0.004705182	0.3
19330.431684726707	300	13.000568293767628	0.0	153295	2685.6200507447343	0.004705182	0.3
19333.279224919283	300	14.153028101193177	0.0	173849	2847.5401925744527	0.004705182	0.3
19335.551213031013	300	15.881039989461582	0.0	150710	2271.988111731594	0.004705182	0.3
19337.343527041863	300	18.088725978610956	0.0	139105	1792.3140108506266	0.004705182	0.3
19338.91020956181	300	20.522043458665642	0.0	141840	1566.6825199453172	0.004705182	0.3
19340.24630934665	300	23.185943673824937	0.0	156148	1336.0997848407035	0.004731597	0.3
19342.080196219784	300	25.35205680069283	0.0	160746	1833.8868731321086	0.012047045	0.3
19344.016446335976	300	27.415806684501064	0.0	179801	1936.250116191764	0.011505819	0.3
19345.696310017196	300	29.735943003282383	0.0	140051	1679.8636812186803	0.031313166	0.3
19347.146834219686	300	32.285418800789806	0.0	138313	1450.5242024925806	0.100841224	0.3
19348.557611972836	300	34.874641047641646	0.0	143509	1410.777753148164	0.39939564	0.3
19352.57258732185	750	34.85966569862583	0.0	372963	4014.9753490158096	0.6948706	0.3
19357.2196222406	750	34.21263077987771	0.0	405596	4647.034918748122	0.009735951	0.75
19361.43413753011	750	33.99811549037165	0.0	350713	4214.515289506061	0.007526924	0.75
19366.442768823035	750	32.989484197444646	0.0	386472	5008.631292927005	0.0057278574	0.75
19372.748417805167	750	30.683835215311642	0.0	399894	6305.6489821330015	0.005049955	0.75
19377.896722697522	750	29.535530322959108	0.0	401853	5148.304892352536	0.010459071	0.75
19382.58963395097	750	28.842619069510587	0.0	343800	4692.91125344852	0.0051066517	0.75
19386.49774113787	750	28.934511882611396	0.0	359903	3908.1071868991885	0.004705182	0.75
19391.153872210194	750	28.278380810285796	0.0	379700	4656.131072325602	0.004705182	0.75
19395.934181915527	750	27.49807110495418	0.0	425781	4780.309705331612	0.004705182	0.75
19399.367054749586	750	28.065198270894623	0.0	277716	3432.872834059559	0.004705182	0.75
19404.12583541835	750	27.306417602131624	0.0	400396	4758.780668763002	0.004705182	0.75
19409.058521859293	750	26.37373116118688	0.0	400508	4932.686440944744	0.004705182	0.75
19413.097077939743	750	26.335175080736015	0.0	358218	4038.556080450863	0.004705182	0.75
19417.48090037707	750	25.951352643403148	0.0	400322	4383.822437332867	0.004705182	0.75
19421.659061940638	750	25.773191079839165	0.0	369834	4178.161563563984	0.004705182	0.75
19427.250860539552	750	24.18139248092208	0.0	412837	5591.798598917085	0.004705182	0.75
19431.768293694502	750	23.663959325971387	0.0	401088	4517.433154950692	0.004705182	0.75
19435.20895158246	750	24.223301438016062	0.0	365161	3440.6578879553285	0.005230579	0.75
19438.567779186793	750	24.864473833681565	0.0	321064	3358.8276043344963	0.013944354	0.75
19442.28782692312	750	25.14442609735748	0.0	361565	3720.047736324081	0.009669308	0.75
19446.003422541733	750	25.428830478740085	0.0	378327	3715.5956186173967	0.025949458	0.75
19450.845147487813	750	24.587105532662687	0.0	390680	4841.724946077395	0.07349197	0.75
19453.970839339752	750	25.461413680721083	0.0	345516	3125.691851941605	0.028837778	0.75
19457.32423354763	750	26.108019472842564	0.0	384505	3353.3942078785176	0.17539717	0.75
19460.80881752801	750	26.623435492463038	0.0	372093	3484.5839803795247	0.5466194	0.75
19465.343055889367	750	26.089197131104616	0.0	438281	4534.2383613584225	0.6618987	0.75
19470.07552142	750	25.35673160047392	0.0	398987	4732.465530630691	0.6878633	0.75
19473.567768060715	750	25.864484959759476	0.0	393804	3492.246640714447	0.5875776	0.75
19477.548161051553	1200	25.884091968919417	0.0	538612	3980.39299084006	0.45609373	0.75
19481.38002079037	1200	26.052232230102515	0.0	550906	3831.8597388168987	0.0053937957	1.2

