3158.7472409139195	750	4.0	2.3226168467032533	450283	2322.6168467032535	0.008030521	-9.237252440823989
3161.5426438943628	750	5.204597019557097	0.0	398865	2795.4029804429024	0.0061476	0.75
3163.831286493766	750	6.915954420153612	0.0	350812	2288.642599403485	0.100259446	0.75
3166.4783449446204	750	8.268895969299136	0.0	382355	2647.0584508544766	0.6178486	0.75
3170.15337659473	750	8.593864319189526	0.0	411561	3675.03165010961	0.34302464	0.75
3173.3846400604407	750	9.362600853479242	0.0	318564	3231.263465710285	0.562723	0.75
3175.762679110871	300	10.984561803048532	0.0	153295	2378.0390504307097	0.35706803	-0.15000000000000002
3178.5513890371935	300	12.195851876726024	0.0	173849	2788.7099263225055	0.0054238	0.3
3183.6607779293795	300	11.086462984540058	0.0	150710	5109.388892185967	0.004705182	0.3
3185.1939675832796	300	13.553273330640293	0.0	139105	1533.189653899765	0.004705182	0.3
3186.5616468016483	300	16.18559411227185	0.0	141840	1367.6792183684436	0.004705182	0.3
3187.971340187468	300	18.7759007264522	0.0	156148	1409.6933858196508	0.004705182	0.3
3189.274720620303	300	21.472520293616977	0.0	160746	1303.380432835225	0.0062483903	0.3
3190.736954016143	300	24.010286897776897	0.0	179801	1462.233395840081	0.020961136	0.3
3191.942647780635	300	26.804593133284964	0.0	140051	1205.6937644919299	0.037069872	0.3
3193.1073099376745	300	29.639930976245534	0.0	138313	1164.6621570394311	0.08810464	0.3
3194.5516570131126	300	32.195583900807335	0.0	143509	1444.3470754381972	0.43112314	0.3
3199.491959255217	750	31.25528165870304	0.0	372963	4940.302242104298	0.6930543	0.3
3203.5793631859615	750	31.167877727958928	0.0	405596	4087.403930744111	0.14441134	0.75
3206.3296076203915	750	32.41763329352861	0.0	350713	2750.244434430317	0.0128688915	0.75
3209.0724690793454	750	33.6747718345747	0.0	386472	2742.861458953908	0.0047838325	0.75
3212.1943854800948	750	34.55285543382556	0.0	399894	3121.9164007491304	0.0051144394	0.75
3215.4278137267734	750	35.31942718714692	0.0	401853	3233.42824667864	0.008216219	0.75
3217.565844263312	750	37.181396650608455	0.0	343800	2138.030536538471	0.0129251145	0.75
3221.460540585285	1200	37.28670032863513	0.0	587236	3894.696321973332	0.22615878	0.75
3226.645257436877	1200	36.10198347704351	0.0	590335	5184.716851591612	0.13606562	1.2
3233.1533612912635	1200	33.59387962265651	0.0	696376	6508.103854387001	0.3902693	1.2
3239.6404964901503	1200	31.10674442377012	0.0	487160	6487.13519888639	0.40345484	1.2
3243.87249230746	750	30.874748606460585	0.0	400396	4231.995817309537	0.51626813	0.3
3247.552168622653	750	31.195072291267383	0.0	400508	3679.6763151931996	0.009912651	0.75
3251.719566013295	750	31.027674900624998	0.0	358218	4167.397390642386	0.028343232	0.75
3255.996875286444	750	30.750365627476548	0.0	400322	4277.309273148451	0.019487333	0.75
3258.4840467095846	750	32.26319420433584	0.0	369834	2487.171423140709	0.023904135	0.75
3260.7246821312942	750	34.02255878262609	0.0	412837	2240.6354217097537	0.60354006	0.75
3263.1823129634076	750	35.564927950512605	0.0	401088	2457.630832113485	0.1626695	0.75
3266.8617473827953	1200	35.88549353112476	0.0	598727	3679.434419387843	0.10696997	0.75
3270.7649877846898	1200	35.98225312923041	0.0	487812	3903.2404018943575	0.0064731264	1.2
3276.359498407854	1200	34.38774250606599	0.0	575591	5594.510623164414	0.004705182	1.2
3281.3495315219943	1200	33.39770939192621	0.0	605884	4990.033114139776	0.0049871597	1.2
3286.0612982256043	1200	32.68594268831614	0.0	587506	4711.7667036100775	0.004705182	1.2
3290.2515957820506	1200	32.49564513187041	0.0	566904	4190.2975564457265	0.004705182	1.2
3294.1811856073723	1200	32.56605530654832	0.0	641452	3929.589825322086	0.004705182	1.2
3298.230597607826	1200	32.51664330609478	0.0	599477	4049.4120004535484	0.009928051	1.2
3302.359782049575	1200	32.38745886434542	0.0	634861	4129.184441749359	0.012112729	1.2
3306.5027715039723	1200	32.24446940994863	0.0	630203	4142.9894543967885	0.030659813	1.2
3309.504112817508	1200	33.243128096412676	0.0	638661	3001.3413135359474	0.047386352	1.2
3312.7988196401116	1200	33.94842127380929	0.0	538612	3294.706822603385	0.41527727	1.2
3315.9506566554105	1200	34.79658425851057	0.0	550906	3151.8370152987154	0.61133116	1.2

