18565.486513618675	750	4.0	4.492096968258112	450283	4492.096968258112	0.015391843	-18.56601696350988
18566.884990458202	300	6.6015231604739535	0.0	155580	1398.4768395260464	0.04749172	-0.15000000000000002
18568.06832934534	300	9.418184273333548	0.0	139857	1183.3388871404063	0.07872301	0.3
18569.38734469346	300	12.09916892521706	0.0	155432	1319.0153481164841	0.009731135	0.3
18570.794597492913	300	14.69191612576039	0.0	163442	1407.2527994566724	0.07785885	0.3
18571.96545516073	300	17.521058457947184	0.0	126289	1170.857667813207	0.13213314	0.3
18573.382225474357	300	20.104288144319266	0.0	153295	1416.770313627918	0.023315083	0.3
18575.02378708448	300	22.462726534198314	0.0	173849	1641.5616101209537	0.022236299	0.3
18576.456111403517	300	25.030402215161008	0.0	150710	1432.3243190373053	0.03947909	0.3
18577.70751700249	300	27.778996616189875	0.0	139105	1251.405598971134	0.10092843	0.3
18578.89018757266	300	30.596326046021794	0.0	141840	1182.670570168081	0.15051706	0.3
18582.426890378036	750	31.059623240644612	0.0	405134	3536.7028053771837	0.33670008	0.3
18585.867699691345	750	31.618813927335953	0.0	386351	3440.8093133086595	0.11861063	0.75
18589.540575897776	750	31.94593772090281	0.0	434409	3672.876206433142	0.029072315	0.75
18593.156010962215	750	32.3305026564626	0.0	337059	3615.4350644402084	0.012484687	0.75
18597.242760879773	750	32.243752738902735	0.0	366214	4086.7499175598664	0.009404202	0.75
18601.75571855843	750	31.730795060246173	0.0	360831	4512.957678656561	0.008416746	0.75
18606.309692467	750	31.176821151675043	0.0	372963	4553.973908571129	0.007177526	0.75
18614.3426993793	750	27.14381423937642	0.0	405596	8033.006912298622	0.0050345804	0.75
18618.425300415045	750	27.06121320362951	0.0	350713	4082.601035746908	0.5378551	0.75
18622.61477106749	750	26.871742551186387	0.0	386472	4189.470652443123	0.012069039	0.75
18627.592961611717	750	25.893552006956917	0.0	399894	4978.190544229472	0.00573461	0.75
18633.066799487977	750	24.419714130696143	0.0	401853	5473.837876260774	0.00791082	0.75
18638.475184037092	750	23.011329581582086	0.0	343800	5408.3845491140555	0.022031138	0.75
18644.561567469984	750	20.92494614868963	0.0	359903	6086.383432892453	0.027052334	0.75
18650.860723353908	750	18.625790264767303	0.0	379700	6299.155883922328	0.114108555	0.75
18655.25670248663	750	18.22981113204277	0.0	425781	4395.979132724533	0.44017157	0.75
18657.889907727124	750	19.59660589155091	0.0	277716	2633.205240491856	0.03638987	0.75
18661.23642671227	750	20.250086906405777	0.0	400396	3346.518985145137	0.014538391	0.75
18664.67065093604	750	20.81586268263167	0.0	400508	3434.224223774106	0.0050462354	0.75
18668.016193821582	750	21.470319797090173	0.0	358218	3345.5428855414966	0.004705182	0.75
18672.18904175294	750	21.297471865733897	0.0	400322	4172.847931356279	0.004705182	0.75
18675.820708198404	750	21.66580542027169	0.0	369834	3631.666445462206	0.004705182	0.75
18679.48734061803	750	21.999173000642923	0.0	412837	3666.632419628765	0.004705182	0.75
18682.863803637567	750	22.622709981103124	0.0	401088	3376.4630195397986	0.00669197	0.75
18686.181906650323	750	23.304606968349244	0.0	365161	3318.1030127538843	0.01900338	0.75
18688.99457902941	750	24.49193458926218	0.0	321064	2812.6723790870633	0.03465155	0.75
18692.10649286566	750	25.38002075301268	0.0	361565	3111.913836249498	0.05705404	0.75
18695.292149571702	750	26.194364046971685	0.0	378327	3185.6567060409925	0.16829123	0.75
18698.732380250603	750	26.754133368071816	0.0	390680	3440.2306788998676	0.3638304	0.75
18702.03357177497	750	27.452941843703776	0.0	345516	3301.1915243680405	0.5547781	0.75
18706.17218598008	750	27.31432763859577	0.0	384505	4138.614205108006	0.5662955	0.75
18713.58234905075	1200	23.904164567925854	0.0	599477	7410.163070669914	0.565039	0.75
18723.746897551224	1200	17.739616067451237	0.0	634861	10164.548500474619	0.39548248	1.2
18729.001429277865	750	16.48508434081202	0.0	398987	5254.531726639217	0.028418269	0.3
18733.26433013995	750	16.222183478726315	0.0	393804	4262.900862085707	0.0064829513	0.75
18737.357538804725	750	16.12897481395221	0.0	331053	4093.208664774102	0.015792103	0.75
18741.59017369305	750	15.896339925629036	0.0	314107	4232.634888323178	0.0110647585	0.75

