23933.744577223057	750	4.0	11.415819972284071	450283	11415.81997228407	0.00479249	-48.338025880821505
23936.56766629543	300	5.176910927625635	0.0	155580	2823.0890723743646	0.004705182	-0.15000000000000002
23938.864068807354	300	6.880508415700065	0.0	139857	2296.4025119255693	0.004705182	0.3
23940.94640316096	300	8.798174062092835	0.0	155432	2082.334353607229	0.004705182	0.3
23943.909579494826	300	9.834997728226448	0.0	163442	2963.1763338663886	0.004705182	0.3
23947.150027568496	300	10.594549654555204	0.0	126289	3240.4480736712444	0.004705182	0.3
23949.815835833877	300	11.928741389173108	0.0	153295	2665.8082653820957	0.004705182	0.3
23954.307945964363	300	11.436631258687633	0.0	173849	4492.110130485475	0.004705182	0.3
23958.955500259184	300	10.78907696386657	0.0	150710	4647.554294821064	0.004705182	0.3
23963.707401229156	300	10.037175993896167	0.0	139105	4751.900969970405	0.004705182	0.3
23968.663645398137	300	9.080931824913973	0.0	141840	4956.244168982194	0.004705182	0.3
23973.754724484934	300	7.9898527381139415	0.0	156148	5091.079086800031	0.004705182	0.3
23978.058612131015	300	7.685965092034298	0.0	160746	4303.887646079643	0.004705182	0.3
23984.181583379952	300	5.562993843097569	0.0	179801	6122.971248936729	0.004705182	0.3
23988.950409899277	300	4.794167323771426	0.0	140051	4768.826519326142	0.004705182	0.3
23993.549100908225	300	4.195476314822005	0.0	138313	4598.691008949421	0.004705182	0.3
23996.933524365082	300	4.811052857963363	0.0	143509	3384.423456858642	0.004705182	0.3
23999.197070928672	300	6.547506294370085	0.0	150616	2263.5465635932774	0.004705182	0.3
24000.784250656587	300	8.960326566457432	0.0	165384	1587.179727912654	0.004705182	0.3
24002.144450208623	300	11.600127014419334	0.0	140881	1360.1995520380992	0.004705182	0.3
24003.444264231544	300	14.30031299149726	0.0	157671	1299.814022922074	0.004705182	0.3
24004.624244763585	300	17.120332459452786	0.0	157812	1179.9805320444698	0.004705182	0.3
24005.848123100262	300	19.89645412277562	0.0	163927	1223.8783366771659	0.032521106	0.3
24006.866643894544	300	22.87793332849557	0.0	137654	1018.5207942800525	0.20010242	0.3
24007.918206981492	300	25.82637024154806	0.0	146754	1051.563086947508	0.663054	0.3
24008.98785572112	300	28.756721501918452	0.0	153938	1069.6487396296084	0.28265283	0.3
24011.656512357786	750	30.088064865250537	0.0	425781	2668.656636667913	0.027974466	0.3
24013.49342768149	750	32.251149541546006	0.0	277716	1836.9153237045296	0.113930136	0.75
24016.23376335306	750	33.51081386997916	0.0	400396	2740.3356715668506	0.24112079	0.75
24020.987621184562	1200	32.756956038476616	0.0	641447	4753.857831502543	0.5267634	0.75
24024.499693367572	1200	33.24488385546647	0.0	570392	3512.072183010145	0.0548173	1.2
24027.512741718412	1200	34.231835504624165	0.0	620283	3013.048350842311	0.01122562	1.2
24030.24853061509	1200	35.496046607947136	0.0	584349	2735.7888966770292	0.004705182	1.2
24033.851757025393	1200	35.892820197639615	0.0	670129	3603.2264103075213	0.004705182	1.2
24037.410888106733	1200	36.33368911630212	0.0	690253	3559.1310813374976	0.0070739714	1.2
24040.220640381915	1200	37.523936841122016	0.0	598727	2809.7522751801102	0.015218684	1.2
24042.513344429517	1200	39.231232793519254	0.0	487812	2292.704047602764	0.13736916	1.2
24044.85455360551	1200	40.890023617526246	0.0	575591	2341.2091759930026	0.24669646	1.2
24050.881111956383	2850	38.86346526665107	0.0	1427478	6026.55835087518	0.05773191	1.2000000000000002
24057.269863437654	2850	36.47471378538194	0.0	1402287	6388.751481269129	0.004705182	2.85
24063.72793985424	2850	34.01663736879194	0.0	1339500	6458.076416589998	0.0051199677	2.85
24073.397567542565	2850	28.347009680467878	0.0	1527299	9669.627688324066	0.004705182	2.85
24079.652387999802	2850	26.092189223230783	0.0	1343002	6254.820457237092	0.0047983727	2.85
24086.53184717532	2850	23.2127300477152	0.0	1587250	6879.459175515583	0.004705182	2.85
24092.939622903472	2850	20.804954319560334	0.0	1464921	6407.775728154869	0.004705182	2.85
24099.006622284756	2850	18.737954938279813	0.0	1483527	6066.9993812805205	0.004705182	2.85
24104.58035259884	2850	17.164224624192343	0.0	1231456	5573.730314087471	0.004705182	2.85
24111.277395911562	2850	14.467181311472869	0.0	1364537	6697.043312719475	0.004705182	2.85

