13030.367955829439	750	4.0	1.26305294249572	450283	1263.05294249572	0.0054376335	-4.681127652731596
13031.360339977424	750	7.00761585201587	0.0	398865	992.3841479841305	0.004705182	0.75
13032.345451840254	750	10.022503989186353	0.0	350812	985.1118628295166	0.011604308	0.75
13033.832238352026	750	12.535717477413149	0.0	382355	1486.7865117732042	0.14187714	0.75
13035.775622410361	750	14.59233341907972	0.0	411561	1943.384058333429	0.09816911	0.75
13037.121771447006	750	17.246184382433626	0.0	318564	1346.1490366460964	0.016872419	0.75
13038.458038465602	750	19.90991736383884	0.0	352642	1336.2670185947864	0.020740477	0.75
13040.035732869981	750	22.33222295946018	0.0	437162	1577.6944043786616	0.041304253	0.75
13041.407644822028	750	24.960311007413868	0.0	374758	1371.91195204631	0.6942293	0.75
13043.284304110168	1200	27.08365171927448	0.0	560821	1876.6592881393838	0.48593825	0.75
13045.604736792458	1200	28.76321903698462	0.0	607410	2320.4326822898665	0.0066932677	1.2
13047.73904893738	1200	30.628906892064432	0.0	594078	2134.3121449201876	0.007005506	1.2
13049.785403582937	1200	32.58255224650708	0.0	624282	2046.3546455573576	0.004705182	1.2
13052.3006371211	1200	34.0673187083433	0.0	687371	2515.23353816378	0.004705182	1.2
13054.462630016116	1200	35.905325813326876	0.0	526950	2161.9928950164235	0.004705182	1.2
13056.786732500072	1200	37.58122332937259	0.0	587876	2324.1024839542915	0.004705182	1.2
13059.053733877336	1200	39.31422195210906	0.0	617242	2267.0013772635307	0.004705182	1.2
13061.813239162377	1200	40.55471666706769	0.0	581493	2759.5052850413686	0.0065432256	1.2
13064.494461445849	1200	41.87349438359433	0.0	639204	2681.2222834733598	0.004705182	1.2
13066.829563732486	1200	43.53839209695658	0.0	586839	2335.10228663775	0.0061514014	1.2
13069.264396294071	1200	45.10355953537188	0.0	601738	2434.832561584698	0.010729514	1.2
13071.368516679127	1200	46.99943915031573	0.0	616206	2104.1203850561524	0.011907979	1.2
13073.870074544056	1200	48.4978812853849	0.0	656471	2501.5578649308322	0.09379697	1.2
13076.103324116086	1200	50.264631713355904	0.0	536667	2233.2495720289976	0.5333799	1.2
13077.990019521998	1200	52.37793630744462	0.0	587236	1886.6954059112797	0.47436726	1.2
13083.167089024591	2850	51.20086680485019	0.0	1480464	5177.069502594431	0.060406655	1.2000000000000002
13089.25480809685	2850	49.113147732591436	0.0	1547572	6087.719072258757	0.004705182	2.85
13094.230554879327	2850	48.13740095011596	0.0	1141971	4975.746782475479	0.004705182	2.85
13099.161941480963	2850	47.20601434848011	0.0	1498470	4931.386601635852	0.004705182	2.85
13104.011330096533	2850	46.35662573290981	0.0	1561263	4849.388615570297	0.004705182	2.85
13110.5864122505	2850	43.7815435789429	0.0	1341201	6575.08215396691	0.004705182	2.85
13116.30210501657	2850	42.06585081287301	0.0	1497683	5715.692766069895	0.004705182	2.85
13122.7952155222	2850	39.572740307244075	0.0	1358081	6493.110505628939	0.004705182	2.85
13131.368750272071	2850	34.999205557373735	0.0	1587293	8573.534749870334	0.004705182	2.85
13137.022543537973	2850	33.34541229147179	0.0	1492672	5653.793265901946	0.004705182	2.85
13143.907939124592	2850	30.460016704852006	0.0	1439896	6885.395586619783	0.004705182	2.85
13148.668591476626	2850	29.699364352816527	0.0	1139291	4760.652352035477	0.004705182	2.85
13153.891000840864	2850	28.476954988579507	0.0	1499009	5222.409364237023	0.004705182	2.85
13158.819821167355	2850	27.548134662088128	0.0	1427478	4928.820326491378	0.004705182	2.85
13164.321229766623	2850	26.046726062820344	0.0	1402287	5501.408599267782	0.004705182	2.85
13171.120621961929	2850	23.24733386751577	0.0	1339500	6799.39219530457	0.004705182	2.85
13177.244854214861	2850	21.12310161458316	0.0	1527299	6124.232252932614	0.004705182	2.85
13182.732349839893	2850	19.63560598955303	0.0	1343002	5487.495625030129	0.004705182	2.85
13186.784935902524	2850	19.58301992692051	0.0	1587250	4052.586062632521	0.004705182	2.85
13190.85250959054	2850	19.51544623890495	0.0	1464921	4067.5736880155587	0.025986768	2.85
13195.35069473706	2850	19.017261092385628	0.0	1483527	4498.185146519325	0.018413402	2.85
13198.918337226727	2850	19.44961860271818	0.0	1231456	3567.6424896674466	0.0643279	2.85
13205.180240265461	2850	17.18771556398528	0.0	1364537	6261.9030387329	0.08320321	2.85

