4030.414869484338	750	4.0	1.256359210868177	450283	1256.359210868177	0.004705182	-4.652344606733161
4031.723742917109	750	6.691126567228839	0.0	398865	1308.8734327711609	0.004705182	0.75
4032.9654097944344	750	9.449459689903751	0.0	350812	1241.6668773250879	0.004705182	0.75
4034.2185811321474	750	12.196288352190816	0.0	382355	1253.171337712936	0.004705182	0.75
4035.3260280769537	750	15.088841407384717	0.0	411561	1107.446944806099	0.104699925	0.75
4036.911603637661	1200	17.50326584667774	0.0	520315	1585.575560706977	0.61238784	0.75
4040.178774606108	1200	18.236094878230503	0.0	561791	3267.170968447237	0.035691455	1.2
4041.568812757111	750	20.846056727227587	0.0	437162	1390.038151002916	0.20926435	0.3
4043.843761120898	1200	22.57110836344081	0.0	584846	2274.948363786779	0.45713943	0.75
4045.971890465557	1200	24.442979018781294	0.0	560821	2128.1293446595155	0.03284107	1.2
4048.865345388994	1200	25.54952409534479	0.0	607410	2893.454923436503	0.017016523	1.2
4051.5886864913	1200	26.826182993038486	0.0	594078	2723.3411023063045	0.0863301	1.2
4053.4762089060605	1200	28.938660578277645	0.0	624282	1887.5224147608385	0.027839692	1.2
4055.984670541197	1200	30.43019894314118	0.0	687371	2508.4616351364693	0.004705182	1.2
4058.1125562648326	1200	32.30231321950553	0.0	526950	2127.885723635647	0.004705182	1.2
4060.6068483757585	1200	33.80802110857931	0.0	587876	2494.2921109262147	0.004705182	1.2
4062.4361512187097	1200	35.97871826562832	0.0	617242	1829.3028429509893	0.004705182	1.2
4063.9450558544354	1200	38.469813629902156	0.0	581493	1508.9046357261677	0.0071070697	1.2
4065.3689967112164	1200	41.045872773121296	0.0	639204	1423.9408567808648	0.03241364	1.2
4068.4422226387715	2850	41.972646845566075	0.0	1336050	3073.2259275552196	0.05726461	1.2000000000000002
4072.445337309718	2850	41.96953217461937	0.0	1415116	4003.1146709467043	0.008516654	2.85
4076.441090367149	2850	41.97377911718832	0.0	1468126	3995.7530574310417	0.008172657	2.85
4081.524395329142	2850	40.89047415519528	0.0	1505760	5083.304961993047	0.0143706435	2.85
4085.2568612300956	2850	41.15800825424138	0.0	1323990	3732.4659009538955	0.007909717	2.85
4089.029595766832	2850	41.385273717505584	0.0	1383735	3772.734536735798	0.014046885	2.85
4093.0525592390054	2850	41.36231024533196	0.0	1480464	4022.9634721736243	0.010705444	2.85
4098.883240750477	2850	39.53162873386037	0.0	1547572	5830.681511471587	0.013340686	2.85
4104.365016416843	2850	38.04985306749405	0.0	1141971	5481.775666366326	0.004705182	2.85
4120.262239322013	2850	26.152630162324737	0.0	1498470	15897.22290516931	0.004705182	2.85
4135.055700404673	1200	15.35916907966354	0.0	641447	14793.461082661199	0.015634539	-0.44999999999999996
4137.8885547499685	300	16.526314734367855	0.0	157421	2832.8543452956847	0.004705182	-0.6000000000000001
4140.467545625939	300	17.94732385839735	0.0	157488	2578.990875970501	0.11648743	0.3
4143.037952032842	750	19.376917451494528	0.0	369834	2570.406406902825	0.39521125	0.3
4145.557622183249	750	20.857247301087533	0.0	412837	2519.670150406994	0.19273886	0.75
4148.681422379712	1200	21.733447104625377	0.0	690253	3123.800196462155	0.43820035	0.75
4151.715600834695	1200	22.69926864964296	0.0	598727	3034.1784549824183	0.004705182	1.2
4154.616114054281	1200	23.798755430056005	0.0	487812	2900.5132195869555	0.0056201336	1.2
4157.341054605871	1200	25.07381487846593	0.0	575591	2724.940551590074	0.0085345395	1.2
4161.452974300886	1200	24.961895183451475	0.0	605884	4111.919695014456	0.0066132145	1.2
4166.999905725443	1200	23.41496375889512	0.0	587506	5546.9314245563555	0.004705182	1.2
4170.778562346172	1200	23.636307138165563	0.0	566904	3778.656620729554	0.008089856	1.2
4175.974553343061	1200	22.440316141276185	0.0	641452	5195.990996889381	0.004705182	1.2
4180.054597836237	1200	22.360271648100504	0.0	599477	4080.0444931756806	0.0047128103	1.2
4184.705388909787	1200	21.709480574550195	0.0	634861	4650.791073550308	0.004705182	1.2
4192.471308368644	1200	17.943561115693207	0.0	630203	7765.919458856988	0.004705182	1.2
4201.359233297196	1200	13.055636187142449	0.0	638661	8887.924928550758	0.18584497	1.2
4206.2853413026105	750	12.129528181726974	0.0	331053	4926.108005415475	0.02935161	0.3
4209.78389032812	750	12.63097915621867	0.0	314107	3498.5490255083037	0.0082899695	0.75

