2623.7643182911106	750	4.0	2.54228302815134	450283	2542.28302815134	0.004705182	-10.181817021050762
2625.550327986957	750	6.213990304153536	0.0	398865	1786.0096958464633	0.01534551	0.75
2626.8115993907813	750	8.95271890032892	0.0	350812	1261.2714038246152	0.004705182	0.75
2628.652252903536	750	11.11206538757434	0.0	382355	1840.653512754581	0.004705182	0.75
2630.6186872447265	750	13.145631046384064	0.0	411561	1966.434341190276	0.010134794	0.75
2631.9798669036823	750	15.784451387428252	0.0	318564	1361.1796589558128	0.007867975	0.75
2633.5346866759382	750	18.2296316151722	0.0	352642	1554.8197722560544	0.009399008	0.75
2635.2373276967483	750	20.52699059436232	0.0	437162	1702.6410208098773	0.010860748	0.75
2636.7964605453226	750	22.9678577457882	0.0	374758	1559.1328485741178	0.013687832	0.75
2639.7366085476306	750	24.027709743479654	0.0	362795	2940.148002308546	0.04745833	0.75
2642.7300685215787	750	25.03424976953148	0.0	353220	2993.459973948173	0.011963248	0.75
2651.742667054916	750	20.021651236194174	0.0	405134	9012.598533337306	0.017306581	0.75
2655.350304802441	300	20.414013488669266	0.0	160746	3607.637747524909	0.006157654	-0.15000000000000002
2658.3775094477865	300	21.386808843323916	0.0	179801	3027.204645345349	0.0051127686	0.3
2659.8119124756377	300	23.95240581547277	0.0	140051	1434.403027851148	0.004705182	0.3
2661.0154840869222	300	26.74883420418781	0.0	138313	1203.57161128496	0.023790263	0.3
2662.261980904148	300	29.50233738696206	0.0	143509	1246.4968172257477	0.048630096	0.3
2666.064711412926	750	29.699606878183964	0.0	372963	3802.7305087781	0.25395274	0.3
2670.130068542672	750	29.634249748438155	0.0	405596	4065.3571297458125	0.0906683	0.75
2672.762738439428	750	31.00157985168171	0.0	350713	2632.6698967564416	0.018896148	0.75
2675.540735792679	750	32.22358249843116	0.0	386472	2777.997353250545	0.004705182	0.75
2678.8792709403483	750	32.88504735076122	0.0	399894	3338.5351476699475	0.004705182	0.75
2681.6622624333254	750	34.10205585778417	0.0	401853	2782.9914929770457	0.0051428797	0.75
2684.3071949811088	750	35.45712331000072	0.0	343800	2644.932547783457	0.021131862	0.75
2687.8147869747067	750	35.94953131640311	0.0	359903	3507.591993597601	0.03166107	0.75
2690.630950149611	750	37.13336814149878	0.0	379700	2816.1631749043263	0.013970032	0.75
2694.706102114887	750	37.05821617622277	0.0	425781	4075.1519652760126	0.123956494	0.75
2696.842220090669	750	38.922098200440516	0.0	277716	2136.117975782251	0.10769566	0.75
2699.5721160640815	750	40.19220222702833	0.0	400396	2729.895973412184	0.34849343	0.75
2704.176035920058	1200	39.58828237105167	0.0	641447	4603.919855976663	0.652822	0.75
2708.996311540151	1200	38.76800675095855	0.0	570392	4820.275620093122	0.007622918	1.2
2714.4717192519174	1200	37.29259903919212	0.0	620283	5475.407711766426	0.013408446	1.2
2719.4195715755595	1200	36.34474671554949	0.0	584349	4947.852323642634	0.013050177	1.2
2723.997405805278	1200	35.76691248583119	0.0	670129	4577.834229718295	0.009513897	1.2
2727.693724827805	1200	36.070593463304405	0.0	690253	3696.319022526791	0.004705182	1.2
2731.9479896834355	1200	35.816328607674166	0.0	598727	4254.2648556302365	0.004705182	1.2
2736.0489090500837	1200	35.715409241025874	0.0	487812	4100.919366648285	0.004705182	1.2
2738.1743281322797	1200	37.5899901588299	0.0	575591	2125.4190821959746	0.004705182	1.2
2743.3301273081815	2850	36.43419098292818	0.0	1427478	5155.7991759017195	0.4374355	1.2000000000000002
2747.712379289167	2850	36.051939001942735	0.0	1402287	4382.251980985443	0.004705182	2.85
2753.2789720138394	2850	34.485346277270054	0.0	1339500	5566.592724672686	0.02509448	2.85
2762.4688998100983	2850	29.295418481011296	0.0	1527299	9189.927796258755	0.005957366	2.85
2774.037278305618	2850	21.72703998549144	0.0	1343002	11568.378495519857	0.004705182	2.85
2778.775715872716	1200	20.988602418394063	0.0	634861	4738.437567097376	0.018342923	-0.44999999999999996
2784.5383425569003	1200	19.225975734209605	0.0	630203	5762.626684184461	0.004705182	1.2
2787.5886229575294	1200	20.175695333580553	0.0	638661	3050.2804006290535	0.004705182	1.2
2790.1163689903456	1200	21.647949300764747	0.0	538612	2527.7460328158054	0.011553237	1.2
2792.870514276182	1200	22.89380401492814	0.0	550906	2754.145285836605	0.11557075	1.2

