17471.71585316955	750	4.0	4.751626329382562	450283	4751.626329382562	0.004705182	-19.681993216345017
17473.36030808625	300	6.35554508329921	0.0	155580	1644.4549167007901	0.021859238	-0.15000000000000002
17474.795168118824	300	8.920685050724277	0.0	139857	1434.860032574934	0.01833949	0.3
17476.24212287082	300	11.473730298731356	0.0	155432	1446.95475199292	0.004705182	0.3
17477.674454128377	300	14.041399041173666	0.0	163442	1432.3312575576906	0.030253995	0.3
17478.720670443294	300	16.995182726259273	0.0	126289	1046.2163149143898	0.08559379	0.3
17479.664003094855	300	20.051850074695853	0.0	153295	943.3326515634232	0.021379072	0.3
17480.803089296503	300	22.912763873048192	0.0	173849	1139.08620164766	0.08397472	0.3
17482.19029231028	300	25.52556085927504	0.0	150710	1387.2030137731529	0.16219996	0.3
17483.617593735027	300	28.098259434527673	0.0	139105	1427.3014247473668	0.14987163	0.3
17485.084621923135	300	30.63123124642189	0.0	141840	1467.0281881057815	0.18369056	0.3
17486.590928632046	300	33.12492453750674	0.0	156148	1506.3067089151482	0.3153435	0.3
17491.834165378255	750	31.881687791300887	0.0	386351	5243.236746205852	0.65041524	0.3
17497.711842648005	750	30.004010521553035	0.0	434409	5877.677269747851	0.5727905	0.75
17500.29632950201	750	31.41952366754661	0.0	337059	2584.486854006425	0.6002345	0.75
17502.59248690736	750	33.12336626219664	0.0	366214	2296.157405349966	0.035819847	0.75
17506.31966638379	750	33.39618678576374	0.0	360831	3727.1794764329015	0.004705182	0.75
17510.307629562238	750	33.40822360731814	0.0	372963	3987.963178445603	0.005767836	0.75
17514.22100518821	750	33.49484798134339	0.0	405596	3913.3756259747533	0.004705182	0.75
17517.358128134612	750	34.35772503494185	0.0	350713	3137.1229464015328	0.004705182	0.75
17521.164848302862	750	34.55100486669176	0.0	386472	3806.7201682500895	0.004705182	0.75
17525.132362038614	750	34.583491130944616	0.0	399894	3967.51373574715	0.004705182	0.75
17529.23358668206	750	34.48226648749531	0.0	401853	4101.224643449307	0.004705182	0.75
17532.116522437784	750	35.599330731774245	0.0	343800	2882.935755721068	0.0051091393	0.75
17535.247483355164	750	36.46836981439366	0.0	359903	3130.9609173805775	0.008549921	0.75
17538.415661691597	750	37.30019147795999	0.0	379700	3168.1783364336698	0.012747128	0.75
17541.992933830734	750	37.722919338824354	0.0	425781	3577.27213913564	0.039316196	0.75
17544.82644881478	750	38.88940435477883	0.0	277716	2833.5149840455188	0.1622952	0.75
17548.476186354477	750	39.2396668150809	0.0	400396	3649.737539697927	0.06158898	0.75
17552.267323685086	750	39.44852948447232	0.0	400508	3791.137330608588	0.20293035	0.75
17559.78588073645	750	35.929972433109235	0.0	358218	7518.557051363082	0.34233144	0.75
17571.34440647355	750	28.37144669601373	0.0	400322	11558.525737095504	0.0065138745	0.75
17576.67163616865	750	27.044217000915133	0.0	369834	5327.229695098598	0.20284736	0.75
17583.125628563976	750	24.5902246055893	0.0	412837	6453.992395325837	0.004705182	0.75
17590.621240927754	750	21.09461224180833	0.0	401088	7495.612363780964	0.004705182	0.75
17595.069506491505	750	20.646346678061253	0.0	365161	4448.265563747077	0.007524397	0.75
17600.225725038035	750	19.490128131527904	0.0	321064	5156.218546533348	0.004705182	0.75
17607.34458303082	750	16.371270138746226	0.0	361565	7118.85799278168	0.004705182	0.75
17610.49422294781	750	17.221630221754864	0.0	378327	3149.6399169913593	0.0321114	0.75
17614.152772051442	750	17.563081118123197	0.0	390680	3658.5491036316675	0.004955331	0.75
17617.065843330147	750	18.650009839418356	0.0	345516	2913.0712787048424	0.006316122	0.75
17620.504758087693	750	19.211095081874745	0.0	384505	3438.9147575436104	0.021343354	0.75
17624.42107674455	750	19.29477642501329	0.0	372093	3916.3186568614547	0.048250146	0.75
17628.24569938108	750	19.47015378848603	0.0	438281	3824.6226365272582	0.038141377	0.75
17631.690854617475	750	20.02499855209397	0.0	398987	3445.1552363920605	0.24703409	0.75
17635.529762093374	750	20.186091076192774	0.0	393804	3838.9074759011983	0.34666607	0.75
17639.38889909924	750	20.326954070327382	0.0	331053	3859.137005865392	0.53015566	0.75
17642.463601297935	750	21.252251871631326	0.0	314107	3074.7021986960526	0.15530382	0.75

