5293.3527078663255	750	4.0	3.791441730238546	450283	3791.441730238546	0.0058992296	-15.553199440025747
5294.739754120898	300	6.6129537454278156	0.0	155580	1387.046254572185	0.4757396	-0.15000000000000002
5295.756980185375	300	9.595727680951125	0.0	139857	1017.2260644766923	0.18781751	0.3
5296.7095684384685	300	12.643139427858042	0.0	155432	952.5882530930813	0.04831275	0.3
5297.730392090329	300	15.622315775997306	0.0	163442	1020.8236518607367	0.650393	0.3
5298.626334267292	300	18.72637359903397	0.0	126289	895.9421769633375	0.6546611	0.3
5299.707023907026	300	21.64568395929977	0.0	153295	1080.6896397341975	0.17838818	0.3
5300.876230252337	300	24.47647761398868	0.0	173849	1169.206345311089	0.22009061	0.3
5301.945682052314	300	27.40702581401314	0.0	150710	1069.4517999755444	0.42299762	0.3
5303.015514938967	300	30.337192927359762	0.0	139105	1069.832886653373	0.6037946	0.3
5304.046576472869	300	33.30613139345733	0.0	141840	1031.0615339024334	0.6643104	0.3
5306.138220703652	750	35.214487162674416	0.0	405134	2091.644230782912	0.47848484	0.3
5307.657047349563	750	37.69566051676344	0.0	386351	1518.8266459109702	0.00949751	0.75
5309.052781252984	750	40.29992661334206	0.0	434409	1395.733903421382	0.46124524	0.75
5311.147826327048	1200	42.204881539277736	0.0	526950	2095.0450740643296	0.029716214	0.75
5313.870136965087	1200	43.482570901239114	0.0	587876	2722.3106380386125	0.004705182	1.2
5317.810795597175	1200	43.541912269151894	0.0	617242	3940.6586320872198	0.004705182	1.2
5321.037443944785	1200	44.31526392154135	0.0	581493	3226.6483476105395	0.004705182	1.2
5324.130100661097	1200	45.22260720523043	0.0	639204	3092.656716310919	0.004705182	1.2
5327.927124390688	1200	45.425583475638774	0.0	586839	3797.023729591654	0.004705182	1.2
5331.408568101186	1200	45.94413976514087	0.0	601738	3481.4437104979065	0.004705182	1.2
5335.510406763525	1200	45.842301102801684	0.0	616206	4101.838662339187	0.004705182	1.2
5341.20256381342	1200	44.15014405290661	0.0	656471	5692.157049895076	0.004705182	1.2
5347.546914920129	1200	41.80579294619797	0.0	536667	6344.351106708644	0.0063856305	1.2
5353.604699313453	1200	39.748008552873685	0.0	587236	6057.7843933242875	0.09932356	1.2
5358.190430752405	1200	39.16227711392197	0.0	590335	4585.731438951714	0.10792697	1.2
5362.494835820142	1200	38.85787204618497	0.0	696376	4304.405067736998	0.031973004	1.2
5366.004310864337	1200	39.34839700199015	0.0	487160	3509.4750441948227	0.005442139	1.2
5370.726305544916	1200	38.626402321411746	0.0	622896	4721.994680578402	0.0075904885	1.2
5373.979467649263	1200	39.37324021706375	0.0	641447	3253.1621043479954	0.006784011	1.2
5377.50747743137	1200	39.8452304349567	0.0	570392	3528.0097821070513	0.004705182	1.2
5381.195403459905	1200	40.15730440642148	0.0	620283	3687.926028535214	0.004705182	1.2
5385.662553338252	1200	39.690154528074075	0.0	584349	4467.149878347407	0.004705182	1.2
5391.930223672686	1200	37.422484193639676	0.0	670129	6267.670334434399	0.004705182	1.2
5399.335032135305	1200	34.0176757310206	0.0	690253	7404.808462619076	0.004705182	1.2
5405.372655778336	1200	31.98005208798982	0.0	598727	6037.623643030785	0.007980279	1.2
5409.235063352559	1200	32.11764451376545	0.0	487812	3862.4075742243685	0.009782322	1.2
5415.76034541479	1200	29.59236245153478	0.0	575591	6525.282062230667	0.006049009	1.2
5423.234407552232	1200	26.118300314093045	0.0	605884	7474.062137441736	0.019682486	1.2
5431.064282036207	1200	22.288425830117383	0.0	587506	7829.87448397566	0.09914014	1.2
5440.708445396445	1200	16.64426246987898	0.0	566904	9644.163360238404	0.422556	1.2
5450.536522479161	750	10.816185387163308	0.0	384505	9828.077082715672	0.03527417	0.3
5453.55864904795	300	11.794058818374612	0.0	145210	3022.126568788695	0.046462316	-0.15000000000000002
5455.961202845332	300	13.391505020992334	0.0	172312	2402.5537973822798	0.047443293	0.3
5457.565390639601	300	15.787317226723628	0.0	167025	1604.1877942687056	0.3349099	0.3
5461.221885794268	750	16.130822072056986	0.0	393804	3656.4951546666416	0.24929376	0.3
5464.778344354278	750	16.574363512047498	0.0	331053	3556.4585600094892	0.012282009	0.75
5467.876659589946	750	17.47604827637871	0.0	314107	3098.3152356687897	0.007424823	0.75

