16397.781099230815	750	4.0	5.057839080863765	450283	5057.839080863765	0.384326	-20.99870804771419
16399.21183674587	300	6.569262484946178	0.0	155580	1430.7375150538228	0.0104488	-0.15000000000000002
16400.61042498171	300	9.170674249107659	0.0	139857	1398.5882358385181	0.035480175	0.3
16402.05540299437	300	11.72569623644636	0.0	155432	1444.9780126612982	0.004705182	0.3
16403.703643122462	300	14.077456108354035	0.0	163442	1648.2401280923232	0.03012217	0.3
16404.982444848378	300	16.798654382437846	0.0	126289	1278.8017259161916	0.05353695	0.3
16406.309777718616	300	19.471321512200717	0.0	153295	1327.332870237129	0.00971674	0.3
16407.954505461126	300	21.826593769691208	0.0	173849	1644.7277425095092	0.015716003	0.3
16409.394820954043	300	24.386278276774544	0.0	150710	1440.3154929166644	0.022336097	0.3
16410.63495125777	300	27.14614797304884	0.0	139105	1240.1303037257042	0.06779246	0.3
16411.87473591311	300	29.90636331771098	0.0	141840	1239.7846553378602	0.109366	0.3
16415.542666253787	750	30.238432977029742	0.0	405134	3667.9303406812405	0.21926583	0.3
16418.6969596842	750	31.084139546617653	0.0	386351	3154.2934304120845	0.22865243	0.75
16422.7881744333	750	30.992924797520384	0.0	434409	4091.21474909727	0.026927823	0.75
16427.0061742681	750	30.774924962717776	0.0	337059	4217.999834802607	0.026030527	0.75
16431.028637336334	750	30.752461894483975	0.0	366214	4022.463068233802	0.03405402	0.75
16434.133405047865	750	31.647694182954627	0.0	360831	3104.7677115293477	0.016742853	0.75
16437.59884915438	750	32.182250076437185	0.0	372963	3465.4441065174424	0.004705182	0.75
16441.58473799785	750	32.19636123296725	0.0	405596	3985.8888434699347	0.004705182	0.75
16444.88579975232	750	32.89529947849821	0.0	350713	3301.061754469039	0.004705182	0.75
16450.109106177468	750	31.671993053350334	0.0	386472	5223.306425147872	0.004705182	0.75
16455.457331145597	750	30.32376808522325	0.0	399894	5348.224968127083	0.004705182	0.75
16460.964113480808	750	28.81698575001051	0.0	401853	5506.782335212741	0.004705182	0.75
16465.16584285121	750	28.615256379610656	0.0	343800	4201.729370399855	0.004705182	0.75
16467.868427742742	750	29.912671488079955	0.0	359903	2702.5848915307	0.004705182	0.75
16471.01757906135	750	30.763520169467476	0.0	379700	3149.15131861248	0.004903202	0.75
16475.582686434187	750	30.19841279663149	0.0	425781	4565.107372835986	0.0056779343	0.75
16478.50594694384	750	31.27515228698045	0.0	277716	2923.2605096510415	0.00499701	0.75
16481.718449936274	750	32.062649294545956	0.0	400396	3212.502992434493	0.0051199724	0.75
16486.66609422929	750	31.11500500152877	0.0	400508	4947.64429301719	0.021411406	0.75
16489.44678819504	750	32.33431103577895	0.0	358218	2780.693965749813	0.005482042	0.75
16492.928210518803	750	32.85288871201809	0.0	400322	3481.4223237608617	0.06507556	0.75
16495.69157960669	750	34.08951962413064	0.0	369834	2763.369087887459	0.17093644	0.75
16500.79112657007	1200	32.98997266074891	0.0	670129	5099.546963381722	0.57998514	0.75
16511.94927595378	1200	25.831823277043345	0.0	690253	11158.149383705566	0.03542731	1.2
16517.051518316508	750	24.72958091431227	0.0	365161	5102.242362731079	0.06321453	0.3
16520.545846584377	750	25.23525264644275	0.0	321064	3494.328267869517	0.008472129	0.75
16525.459314620755	750	24.321784610062764	0.0	361565	4913.4680363799835	0.011676975	0.75
16529.997994211597	750	23.783105019222173	0.0	378327	4538.679590840591	0.0109405555	0.75
16536.09858165829	750	21.68251757252753	0.0	390680	6100.587446694643	0.016593426	0.75
16539.411015523856	750	22.37008370696333	0.0	345516	3312.433865564199	0.0052130898	0.75
16543.16758617163	750	22.613513059190456	0.0	384505	3756.5706477728745	0.038723864	0.75
16549.44265638791	750	20.33844284290773	0.0	372093	6275.070216282727	0.02714232	0.75
16556.22322571597	750	17.55787351484645	0.0	438281	6780.569328061285	0.0055322074	0.75
16562.590991329474	750	15.190107901341646	0.0	398987	6367.765613504801	0.004758342	0.75
16568.54832744101	750	13.23277178980683	0.0	393804	5957.336111534815	0.0047111413	0.75
16574.365198689677	750	11.415900541142523	0.0	331053	5816.871248664304	0.012169693	0.75
16578.766847089406	750	11.014252141413108	0.0	314107	4401.648399729415	0.39527726	0.75

