20707.88824794506	750	4.0	4.264022486880352	450283	4264.022486880352	0.004705182	-17.585296693585512
20709.141828940657	300	6.746419004404097	0.0	155580	1253.5809955959026	0.10176961	-0.15000000000000002
20710.30192149113	300	9.586326453931424	0.0	139857	1160.0925504726724	0.23622845	0.3
20711.87706283224	300	12.011185112819247	0.0	155432	1575.141341112178	0.014614066	0.3
20715.99560053333	300	11.892647411728696	0.0	163442	4118.53770109055	0.04438064	0.3
20719.439050846024	300	12.449197099030972	0.0	126289	3443.450312697726	0.009422864	0.3
20723.502060651772	300	12.386187293283337	0.0	153295	4063.009805747634	0.004705182	0.3
20728.520040417643	300	11.368207527413329	0.0	173849	5017.979765870008	0.004705182	0.3
20732.44604283562	300	11.442205109432708	0.0	150710	3926.002417980623	0.004705182	0.3
20734.553829843724	300	13.334418101334908	0.0	139105	2107.7870080978	0.004705182	0.3
20735.97301762464	300	15.915230320415505	0.0	141840	1419.1877809194025	0.004705182	0.3
20737.440314400625	300	18.44793354443348	0.0	156148	1467.2967759820283	0.004705182	0.3
20738.74190432299	300	21.14634362206992	0.0	160746	1301.5899223635577	0.004705182	0.3
20740.30998072111	300	23.57826722394561	0.0	179801	1568.0763981243128	0.0069512464	0.3
20741.887990046365	300	26.00025789869061	0.0	140051	1578.0093252550014	0.013940414	0.3
20744.328055814924	300	27.560192130136542	0.0	138313	2440.0657685540655	0.020897215	0.3
20747.136694618755	300	28.75155332630571	0.0	143509	2808.6388038308323	0.021388113	0.3
20749.274775885166	300	30.613472059895905	0.0	150616	2138.081266409806	0.046967577	0.3
20751.15283340901	300	32.73541453605088	0.0	165384	1878.057523845026	0.14403903	0.3
20752.580061138488	300	35.308186806573026	0.0	140881	1427.2277294778553	0.48457533	0.3
20755.450395522603	750	36.43785242245858	0.0	386472	2870.334384114434	0.675893	0.3
20759.670605541753	750	36.21764240331115	0.0	399894	4220.210019147436	0.004705182	0.75
20764.443995180995	750	35.44425276406777	0.0	401853	4773.389639243385	0.004705182	0.75
20767.03295560389	750	36.85529234117332	0.0	343800	2588.9604228944504	0.004705182	0.75
20773.145977384913	750	34.742270560151056	0.0	359903	6113.021781022267	0.010496932	0.75
20777.989481740573	750	33.89876620449322	0.0	379700	4843.50435565783	0.004705182	0.75
20783.266044304626	750	32.62220364043584	0.0	425781	5276.562564057378	0.004705182	0.75
20787.09651270872	750	32.7917352363443	0.0	277716	3830.4684040915454	0.004705182	0.75
20791.42925016609	750	32.45899777897701	0.0	400396	4332.73745736729	0.004705182	0.75
20796.271875434697	750	31.616372510369054	0.0	400508	4842.625268607957	0.0049186028	0.75
20800.47828793153	750	31.409960013534416	0.0	358218	4206.412496834636	0.005200653	0.75
20804.39271367882	750	31.495534266247745	0.0	400322	3914.4257472866707	0.0064634765	0.75
20807.680556501564	750	32.20769144350249	0.0	369834	3287.842822745258	0.01306296	0.75
20811.44776360466	750	32.44048434040626	0.0	412837	3767.2071030962297	0.063496456	0.75
20815.427232342918	750	32.46101560214974	0.0	401088	3979.4687382565135	0.12674119	0.75
20820.36050886068	750	31.527739084388116	0.0	365161	4933.276517761629	0.20807698	0.75
20823.590530776888	750	32.29771716817826	0.0	321064	3230.021916209855	0.07418288	0.75
20827.311307717493	750	32.57694022757232	0.0	361565	3720.7769406059365	0.21608852	0.75
20831.05412683775	750	32.834121107318666	0.0	378327	3742.8191202536577	0.3518527	0.75
20834.239994441486	750	33.6482535035811	0.0	390680	3185.8676037375603	0.63322026	0.75
20840.019476137244	750	31.868771807823567	0.0	345516	5779.481695757534	0.3262227	0.75
20850.148599413686	750	25.739648531381704	0.0	384505	10129.123276441866	0.24589323	0.75
20858.544935544658	750	21.34331240040753	0.0	372093	8396.336130974172	0.009000591	0.75
20862.4005401431	750	21.48770780196728	0.0	438281	3855.6045984402513	0.005249058	0.75
20866.483472447595	750	21.404775497468727	0.0	398987	4082.9323044985495	0.09762396	0.75
20873.10875922314	750	18.779488721924565	0.0	393804	6625.28677554416	0.08369459	0.75
20876.43063919636	750	19.457608748706917	0.0	331053	3321.879973217651	0.02264984	0.75
20878.74981038149	750	21.138437563575213	0.0	314107	2319.1711851317054	0.09100564	0.75

