9191.679974581764	750	4.0	2.342534869962582	450283	2342.534869962582	0.01438169	-9.322899940839102
9194.758324869339	750	4.9216497124265635	0.0	398865	3078.3502875734366	0.0065481635	0.75
9196.373175489465	750	7.306799092300231	0.0	350812	1614.8506201263315	0.31158072	0.75
9197.831924470287	750	9.848050111478656	0.0	382355	1458.7489808215746	0.02926039	0.75
9199.304507812347	750	12.37546676941903	0.0	411561	1472.5833420596282	0.0056394585	0.75
9200.425216830312	750	15.25475775145551	0.0	318564	1120.7090179635177	0.005306864	0.75
9201.650359696403	750	18.02961488536311	0.0	352642	1225.1428660924028	0.016543912	0.75
9202.992060928014	750	20.687913653751554	0.0	437162	1341.701231611555	0.058864195	0.75
9204.847494370058	1200	22.832480211708244	0.0	584846	1855.4334420433104	0.6442128	0.75
9206.675041454757	1200	25.004933127010556	0.0	560821	1827.5470846976875	0.009535496	1.2
9208.743394303521	1200	26.936580278246012	0.0	607410	2068.3528487645463	0.0052416776	1.2
9210.861621508117	1200	28.818353073650442	0.0	594078	2118.2272045955688	0.004705182	1.2
9213.835449679265	1200	29.844524902501668	0.0	624282	2973.828171148776	0.004705182	1.2
9217.591263396514	1200	30.088711185251032	0.0	687371	3755.8137172506354	0.005513158	1.2
9219.752304381864	1200	31.927670199900618	0.0	526950	2161.0409853504116	0.013955044	1.2
9221.923108336805	1200	33.75686624495977	0.0	587876	2170.8039549408513	0.0048582596	1.2
9223.972036752524	1200	35.707937829239626	0.0	617242	2048.92841572014	0.004705182	1.2
9225.878163368667	1200	37.80181121309607	0.0	581493	1906.1266161435587	0.004705182	1.2
9227.912642113793	1200	39.76733246796855	0.0	639204	2034.4787451275165	0.007376477	1.2
9229.790692589317	1200	41.88928199244609	0.0	586839	1878.0504755224692	0.024337998	1.2
9231.684615485308	1200	43.99535909645397	0.0	601738	1893.9228959921184	0.07971275	1.2
9234.667454933204	1850	45.01251964855882	0.0	955231	2982.8394478951463	0.75201505	1.2000000000000002
9240.160010894802	2850	43.51996368696059	0.0	1505760	5492.5559615982365	0.004705182	1.85
9246.440952689287	2850	41.23902189247593	0.0	1323990	6280.941794484655	0.004705182	2.85
9251.709393570492	2850	39.970581011270916	0.0	1383735	5268.440881205016	0.004705182	2.85
9256.980861666281	2850	38.69911291548132	0.0	1480464	5271.468095789591	0.004705182	2.85
9264.907412256354	2850	34.772562325408444	0.0	1547572	7926.550590072884	0.004705182	2.85
9271.238003722543	2850	32.44197085922009	0.0	1141971	6330.591466188353	0.004813504	2.85
9279.219339932766	2850	28.46063464899645	0.0	1498470	7981.336210223641	0.008770499	2.85
9289.293069907462	2850	22.38690467430037	0.0	1561263	10073.729974696078	0.055132147	2.85
9293.0254755047	1200	22.654499077063097	0.0	570392	3732.4055972372726	0.023656366	-0.44999999999999996
9297.197242056654	1200	22.482732525109117	0.0	620283	4171.766551953982	0.005271908	1.2
9301.639091019559	1200	22.040883562205277	0.0	584349	4441.848962903841	0.005464771	1.2
9307.08550548308	1200	20.59446909868085	0.0	670129	5446.414463524426	0.0112827085	1.2
9312.673397813998	1200	19.006576767763462	0.0	690253	5587.892330917387	0.09489982	1.2
9319.260762689868	1200	16.419211891892747	0.0	598727	6587.364875870712	0.16806938	1.2
9326.47947874626	1200	13.20049583550155	0.0	487812	7218.716056391196	0.6023338	1.2
9333.17832116076	750	10.501653421001842	0.0	361565	6698.84241449971	0.005549005	0.3
9335.987292416372	300	11.692682165390039	0.0	144254	2808.9712556118025	0.30319014	-0.15000000000000002
9338.61708907482	300	13.062885506940622	0.0	149991	2629.7966584494175	0.023518007	0.3
9342.016632293331	300	13.663342288430231	0.0	147968	3399.543218510392	0.019379321	0.3
9344.178376037607	300	15.501598544153847	0.0	161857	2161.743744276383	0.01135518	0.3
9345.435250152208	300	18.244724429552974	0.0	145210	1256.8741146008745	0.23130977	0.3
9348.443677717529	750	19.23629686423087	0.0	438281	3008.427565322103	0.061745122	0.3
9350.774487931136	750	20.905486650623658	0.0	398987	2330.8102136072107	0.080618866	0.75
9355.140476441935	1200	20.539498139825657	0.0	638661	4365.988510798003	0.610436	0.75
9358.343102386722	1200	21.336872195038552	0.0	538612	3202.625944787106	0.0076667075	1.2
9361.496260764403	1200	22.183713817358058	0.0	550906	3153.1583776804932	0.006601605	1.2

