8852.92841075189	750	4.0	2.4304790559882594	450283	2430.4790559882595	0.6593258	-9.701059940749515
8855.775174197512	750	5.153236554379288	0.0	398865	2846.763445620712	0.0091056675	0.75
8858.046688554708	750	6.88172219718222	0.0	350812	2271.514357197067	0.14375189	0.75
8860.36169517195	750	8.566715579938998	0.0	382355	2315.0066172432216	0.64107126	0.75
8862.858336002211	750	10.070074749678064	0.0	411561	2496.640830260935	0.13809845	0.75
8865.61522396789	750	11.313186783998548	0.0	318564	2756.8879656795157	0.049220238	0.75
8869.072536744323	750	11.855874007567367	0.0	352642	3457.3127764311803	0.6486814	0.75
8870.266222717113	300	14.662188034775616	0.0	173849	1193.6859727917506	0.42088553	-0.15000000000000002
8871.476695114312	300	17.45171563757747	0.0	150710	1210.472397198147	0.2573771	0.3
8872.49355610584	300	20.434854646051	0.0	139105	1016.8609915264692	0.07251586	0.3
8874.109879178297	300	22.818531573593987	0.0	141840	1616.3230724570124	0.14367002	0.3
8876.585819444994	300	24.342591306896804	0.0	156148	2475.9402666971846	0.053660773	0.3
8878.882895571202	300	26.045515180688987	0.0	160746	2297.076126207815	0.018970586	0.3
8882.495734167558	300	26.43267658433465	0.0	179801	3612.8385963543365	0.019361407	0.3
8886.734876633267	300	26.193534118623266	0.0	140051	4239.142465711385	0.012874438	0.3
8889.845371324274	300	27.08303942761684	0.0	138313	3110.4946910064255	0.0049210126	0.3
8892.822400721332	300	28.106010030558988	0.0	143509	2977.0293970578527	0.005970653	0.3
8896.339728323584	300	28.588682428307276	0.0	150616	3517.327602251713	0.009556105	0.3
8900.432731875446	300	28.495678876446597	0.0	165384	4093.0035518606783	0.011153042	0.3
8903.09175261821	300	29.836658133683713	0.0	140881	2659.020742762884	0.015514221	0.3
8904.589142124421	300	32.33926862746997	0.0	157671	1497.3895062137403	0.03689275	0.3
8906.232135341996	300	34.696275409894824	0.0	157812	1642.9932175751505	0.6367328	0.3
8911.135909979484	750	33.79250077240706	0.0	401853	4903.774637487756	0.646298	0.3
8913.508116758581	750	35.42029399331025	0.0	343800	2372.206779096806	0.009489346	0.75
8918.533091981992	750	34.39531876989895	0.0	359903	5024.975223411305	0.008114797	0.75
8921.674413031651	750	35.25399772024103	0.0	379700	3141.321049657919	0.004705182	0.75
8923.690915336425	750	37.23749541546638	0.0	425781	2016.5023047746508	0.00879543	0.75
8926.518679223904	1200	38.409731527986686	0.0	487160	2827.763887479692	0.55311847	0.75
8929.32199325123	1200	39.60641750066192	0.0	622896	2803.3140273247704	0.009421409	1.2
8932.947622926751	1200	39.980787825140325	0.0	641447	3625.6296755215976	0.004705182	1.2
8935.1360889215	1200	41.792321830392964	0.0	570392	2188.465994747356	0.004931613	1.2
8937.652068207026	1200	43.276342544866054	0.0	620283	2515.979285526911	0.034302004	1.2
8939.997290326637	1200	44.93112042525619	0.0	584349	2345.222119609872	0.13957132	1.2
8946.930219606125	2850	41.998191145767024	0.0	1587293	6932.929279489168	0.46172297	1.2000000000000002
8953.715383965759	2850	39.21302678613486	0.0	1492672	6785.164359632156	0.004705182	2.85
8967.14905884323	2850	29.779351908665433	0.0	1439896	13433.67487746943	0.004705182	2.85
8970.469409352769	1200	30.459001399126578	0.0	487812	3320.3505095388587	0.004705182	-0.44999999999999996
8977.84098473444	1200	27.08742601745727	0.0	575591	7371.575381669305	0.004705182	1.2
8982.716466237061	1200	26.21194451483528	0.0	605884	4875.481502621989	0.0048620943	1.2
8985.821937100429	1200	27.106473651465993	0.0	587506	3105.4708633692912	0.004705182	1.2
8989.286776403378	1200	27.641634348516284	0.0	566904	3464.8393029497083	0.004705182	1.2
8994.557394241057	1200	26.371016510837638	0.0	641452	5270.617837678646	0.004975817	1.2
8997.787282308658	1200	27.141128443235942	0.0	599477	3229.8880676016947	0.004705182	1.2
9001.887252233953	1200	27.041158517939596	0.0	634861	4099.969925296347	0.008325885	1.2
9007.711769138179	1200	25.21664161371326	0.0	630203	5824.516904226334	0.009695314	1.2
9012.384297017694	1200	24.544113734199467	0.0	638661	4672.527879513796	0.004705182	1.2
9016.549376690928	1200	24.379034060965598	0.0	538612	4165.079673233868	0.009164732	1.2
9020.525308556642	1200	24.40310219525166	0.0	550906	3975.9318657139356	0.0056326273	1.2

