11655.478581550073	750	4.0	1.5985734190571195	450283	1598.5734190571195	0.19834113	-6.123865701945613
11657.290384020913	750	6.188197529158977	0.0	398865	1811.8024708410228	0.004705182	0.75
11659.025398061198	750	8.453183488875696	0.0	350812	1735.0140402832803	0.004705182	0.75
11660.821833494898	750	10.6567480551748	0.0	382355	1796.4354337008972	0.009445539	0.75
11662.945947767823	750	12.53263378225028	0.0	411561	2124.1142729245203	0.0059063626	0.75
11664.37625973357	750	15.102321816501053	0.0	318564	1430.3119657492268	0.0067365807	0.75
11665.58648844859	750	17.89209310148141	0.0	352642	1210.2287150196412	0.012321846	0.75
11666.904229114733	750	20.57435243533961	0.0	437162	1317.7406661418033	0.0103748925	0.75
11668.327609746013	750	23.150971804058496	0.0	374758	1423.3806312811153	0.693766	0.75
11669.63005152523	750	25.848530024841715	0.0	362795	1302.4417792167806	0.46282187	0.75
11671.388271270363	1200	28.09031027970921	0.0	607410	1758.2197451325032	0.48099607	0.75
11673.416519372258	1200	30.062062177814198	0.0	594078	2028.2481018950143	0.004705182	1.2
11675.718454203006	1200	31.760127347066504	0.0	624282	2301.934830747695	0.004705182	1.2
11678.622135784473	1200	32.85644576559827	0.0	687371	2903.68158146823	0.004705182	1.2
11680.582263153252	1200	34.89631839682044	0.0	526950	1960.1273687778316	0.004705182	1.2
11682.775961274498	1200	36.70262027557456	0.0	587876	2193.698121245874	0.004705182	1.2
11684.747951957688	1200	38.730629592383984	0.0	617242	1971.9906831905746	0.004705182	1.2
11686.975794556633	1200	40.50278699343822	0.0	581493	2227.84259894577	0.011718775	1.2
11689.706806018326	1200	41.77177553174427	0.0	639204	2731.011461693946	0.009527362	1.2
11691.868805371667	1200	43.609776178404765	0.0	586839	2161.999353339511	0.009207364	1.2
11694.414591281216	1200	45.06399026885423	0.0	601738	2545.7859095505282	0.022070462	1.2
11697.116543962768	1200	46.36203758730423	0.0	616206	2701.9526815500094	0.016456569	1.2
11699.724932940553	1200	47.75364860951778	0.0	656471	2608.3889777864497	0.019114133	1.2
11701.7579303479	1200	49.720651202173194	0.0	536667	2032.9974073445903	0.15401678	1.2
11703.202523737647	1200	52.27605781242619	0.0	587236	1444.5933897470047	0.7382147	1.2
11709.451120901089	2850	50.02746064898274	0.0	1480464	6248.597163443444	0.004759892	1.2000000000000002
11716.374039937346	2850	47.10454161272723	0.0	1547572	6922.919036255513	0.004705182	2.85
11720.925678192258	2850	46.55290335781447	0.0	1141971	4551.638254912761	0.004705182	2.85
11727.263813936308	2850	44.21476761376523	0.0	1498470	6338.135744049239	0.004705182	2.85
11732.693230757339	2850	42.7853507927345	0.0	1561263	5429.416821030731	0.004705182	2.85
11738.180670940013	2850	41.297910610059525	0.0	1341201	5487.440182674976	0.004705182	2.85
11744.166664597036	2850	39.31191695303669	0.0	1497683	5985.99365702283	0.004705182	2.85
11750.401285658356	2850	37.077295891716645	0.0	1358081	6234.621061320046	0.004705182	2.85
11759.09902259635	2850	32.37955895372256	0.0	1587293	8697.73693799409	0.004705182	2.85
11766.549144090528	2850	28.929437459544978	0.0	1492672	7450.121494177578	0.004705182	2.85
11773.159094451188	2850	26.31948709888335	0.0	1439896	6609.950360661629	0.004705182	2.85
11777.99272908552	2850	25.48585246455157	0.0	1139291	4833.634634331776	0.004705182	2.85
11783.193250606115	2850	24.285330943957806	0.0	1499009	5200.521520593763	0.004705182	2.85
11788.333495758476	2850	23.145085791595374	0.0	1427478	5140.245152362435	0.004705182	2.85
11794.022708232944	2850	21.455873317127704	0.0	1402287	5689.212474467671	0.004705182	2.85
11799.306037076578	2850	20.172544473493545	0.0	1339500	5283.328843634162	0.004705182	2.85
11805.737832023466	2850	17.740749526604418	0.0	1527299	6431.794946889128	0.004705182	2.85
11811.309572198768	2850	16.16900935130168	0.0	1343002	5571.740175302736	0.004705182	2.85
11818.087869705723	2850	13.39071184434638	0.0	1587250	6778.297506955299	0.004705182	2.85
11824.167232577867	2850	11.311348972202788	0.0	1464921	6079.362872143592	0.022696493	2.85
11830.588070075324	2850	8.890511474746063	0.0	1483527	6420.837497456725	0.11776237	2.85
11833.326415439506	1200	10.152166110564302	0.0	538612	2738.3453641817614	0.38512474	-0.44999999999999996
11837.22748057457	1200	10.251100975499822	0.0	550906	3901.0651350644775	0.004705182	1.2

