22859.907922344075	750	4.0	5.84241140162946	450283	5842.41140162946	0.013895838	-24.372369027006677
22861.641203089803	300	6.266719254268797	0.0	155580	1733.2807457312028	0.004705182	-0.15000000000000002
22862.842491158885	300	9.065431185188647	0.0	139857	1201.2880690801505	0.0060678762	0.3
22864.14370513367	300	11.76421721040178	0.0	155432	1301.2139747868682	0.004705182	0.3
22865.483773310556	300	14.424149033514515	0.0	163442	1340.0681768872635	0.026933365	0.3
22866.49066560709	300	17.417256736982385	0.0	126289	1006.8922965321307	0.08919242	0.3
22867.674176254626	300	20.233746089444637	0.0	153295	1183.5106475377472	0.023067854	0.3
22868.89159300183	300	23.016329342240674	0.0	173849	1217.4167472039626	0.027405806	0.3
22869.954481274115	300	25.953441069955467	0.0	150710	1062.8882722852063	0.0813214	0.3
22870.948695870862	300	28.959226473211736	0.0	139105	994.2145967437319	0.3601221	0.3
22871.994725292414	300	31.913197051658464	0.0	141840	1046.029421553269	0.54993397	0.3
22873.14568897711	300	34.76223336696167	0.0	156148	1150.9636846968056	0.69332343	0.3
22875.57249735037	750	36.335424993701444	0.0	386351	2426.808373260217	0.30218285	0.3
22878.198905574052	750	37.70901677002125	0.0	434409	2626.4082236802	0.0051685097	0.75
22880.178008884297	750	39.72991345977812	0.0	337059	1979.1033102431347	0.013600722	0.75
22882.670293767955	750	41.237628576117416	0.0	366214	2492.2848836607022	0.029040337	0.75
22884.924647396612	750	42.983274947458106	0.0	360831	2254.35362865931	0.03417021	0.75
22887.12883624178	750	44.77908610228805	0.0	372963	2204.1888451700606	0.23483945	0.75
22890.698694345556	1200	45.20922799851466	0.0	639204	3569.8581037733898	0.5947121	0.75
22896.87110048865	1200	43.03682185542041	0.0	586839	6172.4061430942465	0.009942973	1.2
22905.34296661123	1200	38.56495573283979	0.0	601738	8471.866122580617	0.38071266	1.2
22912.745610587484	750	35.162311756587	0.0	399894	7402.643976252786	0.43115875	0.3
22918.257188144762	750	33.65073419931182	0.0	401853	5511.577557275185	0.004705182	0.75
22921.34952648943	750	34.558395854644054	0.0	343800	3092.338344667758	0.004705182	0.75
22925.29882097907	750	34.60910136500445	0.0	359903	3949.2944896396116	0.0056409803	0.75
22929.032152119962	750	34.87577022411277	0.0	379700	3733.33114089168	0.0063481033	0.75
22933.03301622168	750	34.87490612239306	0.0	425781	4000.864101719715	0.008244498	0.75
22934.944522060494	750	36.9634002835785	0.0	277716	1911.5058388145526	0.019161213	0.75
22937.38508416579	750	38.522838178281674	0.0	400396	2440.562105296827	0.1771154	0.75
22941.328579730256	1200	38.57934261381582	0.0	641447	3943.4955644658567	0.6947113	0.75
22945.367699852923	1200	38.54022249115387	0.0	570392	4039.1201226619455	0.0065857335	1.2
22948.6987514411	1200	39.20917090297409	0.0	620283	3331.0515881797874	0.005508168	1.2
22951.747923493665	1200	40.1599988504119	0.0	584349	3049.1720525621845	0.0047061355	1.2
22956.895805878554	1200	39.01211646552304	0.0	670129	5147.882384888854	0.005373779	1.2
22961.958064279377	1200	37.94985806469746	0.0	690253	5062.25840082559	0.004705182	1.2
22966.338282872835	1200	37.569639471238524	0.0	598727	4380.21859345894	0.004705182	1.2
22970.054496883295	1200	37.85342546077855	0.0	487812	3716.214010459964	0.005868054	1.2
22975.35708847855	1200	36.55083386552481	0.0	575591	5302.591595253743	0.004705182	1.2
22979.642921920484	1200	36.2650004235917	0.0	605884	4285.83344193311	0.004705182	1.2
22983.314472953913	1200	36.593449390161055	0.0	587506	3671.551033430648	0.0067044594	1.2
22987.625413855818	1200	36.282508488257456	0.0	566904	4310.940901903593	0.013873388	1.2
22991.682656709407	1200	36.22526563466927	0.0	641452	4057.242853588197	0.007910394	1.2
22995.96645847461	1200	35.941463869466155	0.0	599477	4283.801765203108	0.041420106	1.2
23001.97673168023	1200	33.93119066384232	0.0	634861	6010.273205623829	0.032746986	1.2
23009.083430092873	1200	30.824492251204145	0.0	630203	7106.69841263818	0.008925052	1.2
23012.827412801777	1200	31.080509542297612	0.0	638661	3743.9827089065343	0.004705182	1.2
23016.01124749747	1200	31.896674846603705	0.0	538612	3183.834695693905	0.020485299	1.2
23019.268388123957	1200	32.63953422011801	0.0	550906	3257.1406264857	0.016733723	1.2

