5648.350881454433	750	4.0	2.572266498290951	450283	2572.266498290951	0.00838865	-10.310745942651089
5650.495000433503	750	5.855881020930088	0.0	398865	2144.1189790699123	0.018192023	0.75
5657.268789507996	750	4.0	0.9179080535625963	350812	6773.789074492684	0.0085015185	-3.197004630319164
5659.857662909499	300	5.4111265984976855	0.0	155432	2588.873401502315	0.004705182	-0.15000000000000002
5662.779927073218	300	6.488862434777878	0.0	163442	2922.2641637198076	0.004705182	0.3
5664.9809323868885	300	8.287857121107965	0.0	126289	2201.0053136699134	0.004705182	0.3
5668.035312588316	300	9.233476919680362	0.0	153295	3054.380201427604	0.004705182	0.3
5671.85269378547	300	9.41609572252596	0.0	173849	3817.3811971544023	0.004705182	0.3
5674.541845714994	300	10.726943793001197	0.0	150710	2689.151929524762	0.004705182	0.3
5677.329659388477	300	11.939130119519348	0.0	139105	2787.81367348185	0.004705182	0.3
5680.691473401926	300	12.577316106070727	0.0	141840	3361.8140134486216	0.004705182	0.3
5683.733898297684	300	13.53489121031171	0.0	156148	3042.4248957590175	0.004705182	0.3
5686.119836901919	300	15.148952606077124	0.0	160746	2385.938604234586	0.004705182	0.3
5688.390599960877	300	16.878189547119348	0.0	179801	2270.7630589577734	0.004705182	0.3
5690.224507134514	300	19.04428237348231	0.0	140051	1833.90717363704	0.004705182	0.3
5692.017736594703	300	21.25105291329274	0.0	138313	1793.2294601895715	0.004705182	0.3
5693.767002776932	300	23.501786731063987	0.0	143509	1749.266182228753	0.004705182	0.3
5695.399262294061	300	25.869527213934756	0.0	150616	1632.259517129233	0.006961722	0.3
5697.04072702214	300	28.228062485855897	0.0	165384	1641.4647280788547	0.028143546	0.3
5698.157153991044	300	31.11163551695244	0.0	140881	1116.4269689034584	0.17606047	0.3
5700.368496919316	750	32.900292588679704	0.0	386472	2211.342928272742	0.67938924	0.3
5702.666693771557	750	34.60209573643934	0.0	399894	2298.19685224036	0.0077747246	0.75
5704.408909533204	750	36.859879974792904	0.0	401853	1742.2157616464401	0.037768602	0.75
5706.807138288067	1200	38.46165121992952	0.0	536667	2398.228754863375	0.42942137	0.75
5715.7722466133655	1200	33.49654289463034	0.0	587236	8965.108325299187	0.004705182	1.2
5721.02948370529	750	32.239305802706255	0.0	379700	5257.237091924078	0.546034	0.3
5729.813402008612	750	27.455387499384134	0.0	425781	8783.918303322123	0.0076864273	0.75
5734.9250614629855	750	26.343728045010547	0.0	277716	5111.659454373588	0.031466782	0.75
5740.3809605953775	750	24.887828912617792	0.0	400396	5455.899132392753	0.0048704646	0.75
5745.137097776906	750	24.131691731089507	0.0	400508	4756.137181528284	0.008079018	0.75
5748.662364409746	750	24.606425098248213	0.0	358218	3525.266632841297	0.004705182	0.75
5751.830379702186	750	25.438409805808593	0.0	400322	3168.015292439616	0.0049495012	0.75
5757.146222578597	750	24.122566929397458	0.0	369834	5315.842876411138	0.007119585	0.75
5762.18353217639	750	23.085257331604282	0.0	412837	5037.309597793173	0.004705182	0.75
5765.535224386326	750	23.733565121668228	0.0	401088	3351.692209936055	0.004705182	0.75
5770.589049655598	750	22.67973985239672	0.0	365161	5053.825269271507	0.013442744	0.75
5772.956590913524	750	24.31219859446938	0.0	321064	2367.5412579273407	0.004705182	0.75
5775.18792410961	750	26.080865398383796	0.0	361565	2231.3331960855826	0.05949414	0.75
5779.5372918248395	1200	25.731497683155613	0.0	605884	4349.367715228184	0.69541985	0.75
5783.397405198542	1200	25.871384309451976	0.0	587506	3860.1133737036344	0.018621767	1.2
5787.65525503034	1200	25.613534477654262	0.0	566904	4257.849831797715	0.0061156796	1.2
5791.218047302338	1200	26.050742205656753	0.0	641452	3562.7922719975118	0.0057808287	1.2
5794.7397254005255	1200	26.52906410746953	0.0	599477	3521.6780981872234	0.006082157	1.2
5799.280024729519	1200	25.9887647784759	0.0	634861	4540.299328993631	0.0061358092	1.2
5805.720101623028	1200	23.54868788496628	0.0	630203	6440.076893509618	0.007638938	1.2
5819.18820709634	1200	14.080582411654937	0.0	638661	13468.105473311345	0.004705182	1.2
5821.749815094871	300	15.518974413123205	0.0	137507	2561.6079985317315	0.010960642	-0.6000000000000001
5825.336722133354	750	15.932067374641745	0.0	314107	3586.907038481461	0.52170885	0.3

