14811.690404963361	750	4.0	4.997202366246414	450283	4997.202366246414	0.05329197	-20.73797017485958
14813.843766713648	300	5.846638249714482	0.0	155580	2153.3617502855177	0.011880077	-0.15000000000000002
14816.961918827135	300	6.728486136226441	0.0	139857	3118.1521134880413	0.0049759	0.3
14821.333535583512	300	6.35686937985117	0.0	155432	4371.6167563752715	0.004705182	0.3
14825.761758074583	300	5.928646888778943	0.0	163442	4428.222491072226	0.004705182	0.3
14828.813115114612	300	6.877289848750208	0.0	126289	3051.3570400287354	0.004705182	0.3
14831.434495283967	300	8.255909679394989	0.0	153295	2621.38016935522	0.004705182	0.3
14833.13851412283	300	10.551890840533298	0.0	173849	1704.0188388616891	0.004705182	0.3
14834.619164248465	300	13.071240714897634	0.0	150710	1480.6501256356646	0.004705182	0.3
14835.97418006749	300	15.716224895873086	0.0	139105	1355.0158190245468	0.004705182	0.3
14837.475862617539	300	18.214542345823435	0.0	141840	1501.6825500496527	0.004705182	0.3
14838.840115176194	300	20.850289787169828	0.0	156148	1364.2525586536055	0.004705182	0.3
14840.115530954812	300	23.574874008552413	0.0	160746	1275.4157786174133	0.013992101	0.3
14841.670552121188	300	26.01985284217538	0.0	179801	1555.0211663770356	0.050475877	0.3
14842.83781131131	300	28.85259365205362	0.0	140051	1167.2591901217584	0.107333966	0.3
14843.94897114795	300	31.741433815414112	0.0	138313	1111.1598366395085	0.4954271	0.3
14846.691135768024	750	32.9992691953391	0.0	360831	2742.1646200750124	0.59695035	0.3
14849.262282161551	750	34.428122801812876	0.0	372963	2571.1463935262273	0.005511519	0.75
14851.68459521021	750	36.00580975315319	0.0	405596	2422.3130486596856	0.0049744328	0.75
14853.340106481493	750	38.350298481870084	0.0	350713	1655.5112712831033	0.022062082	0.75
14855.318230000463	750	40.372174962900154	0.0	386472	1978.1235189699314	0.5772332	0.75
14858.322779419923	1200	41.367625543438415	0.0	616206	3004.5494194617418	0.61616457	0.75
14861.983944481528	1200	41.70646048183378	0.0	656471	3661.1650616046304	0.004705182	1.2
14865.860271012969	1200	41.830133950392344	0.0	536667	3876.326531441439	0.004705182	1.2
14870.18822251877	1200	41.50218244459172	0.0	587236	4327.95150580063	0.0058167363	1.2
14874.517761364965	1200	41.17264359839767	0.0	590335	4329.538846194048	0.006104325	1.2
14879.381696053122	1200	40.30870891024043	0.0	696376	4863.934688157235	0.0055954787	1.2
14885.617939730755	1200	38.07246523260603	0.0	487160	6236.243677634402	0.004705182	1.2
14895.723661344928	1200	31.966743618434812	0.0	622896	10105.72161417122	0.081079885	1.2
14904.423898741548	750	27.266506221812836	0.0	400508	8700.237396621975	0.53802735	0.3
14912.113261195997	750	23.57714376736527	0.0	358218	7689.362454447565	0.004705182	0.75
14920.03953046249	750	19.650874500871453	0.0	400322	7926.269266493817	0.0050273743	0.75
14928.789703088192	750	14.900701875170268	0.0	369834	8750.172625701185	0.0124156065	0.75
14935.101760257	750	12.58864470636448	0.0	412837	6312.057168805788	0.59689736	0.75
14940.2318995747	750	11.458505388663696	0.0	401088	5130.139317700785	0.5594637	0.75
14941.878775607383	300	13.811629355980344	0.0	159914	1646.8760326833524	0.5229955	-0.15000000000000002
14943.37613746698	300	16.314267496383398	0.0	131610	1497.3618595969467	0.21589032	0.3
14945.005936627764	300	18.684468335599785	0.0	124011	1629.7991607836145	0.33904794	0.3
14950.672202616333	750	17.018202347030797	0.0	378327	5666.265988568985	0.60899717	0.3
14956.558988260827	750	15.131416702536757	0.0	390680	5886.78564449404	0.10585168	0.75
14958.890435842202	750	16.799969121162068	0.0	345516	2331.447581374691	0.25088698	0.75
14961.647864260713	750	18.042540702651667	0.0	384505	2757.4284185104016	0.0134985	0.75
14964.232914790962	750	19.457490172401858	0.0	372093	2585.050530249809	0.040838756	0.75
14967.492655216616	750	20.19774974674778	0.0	438281	3259.7404256540804	0.46776968	0.75
14973.04481929505	1200	18.645585668312467	0.0	630203	5552.164078435311	0.68915075	0.75
14978.782850799178	1200	16.907554164184784	0.0	638661	5738.031504127682	0.06473549	1.2
14984.830836012761	1200	14.859568950602267	0.0	538612	6047.985213582519	0.059613876	1.2
14992.444900195023	1200	11.245504768341238	0.0	550906	7614.06418226103	0.684434	1.2

