25016.58817077761	750	4.0	4.799754461958953	450283	4799.754461958953	0.20238583	-19.888944186423497
25018.010161005393	300	6.578009772220171	0.0	155580	1421.9902277798294	0.019197855	-0.15000000000000002
25019.212169694303	300	9.376001083309369	0.0	139857	1202.0086889108015	0.049210455	0.3
25020.742361047127	300	11.845809730486824	0.0	155432	1530.1913528225455	0.007179434	0.3
25022.46410249105	300	14.124068286566814	0.0	163442	1721.7414439200097	0.029467203	0.3
25023.75708645599	300	16.831084321623113	0.0	126289	1292.9839649437026	0.053675253	0.3
25025.073847712032	300	19.514323065579724	0.0	153295	1316.7612560433888	0.010963351	0.3
25027.05207708758	300	21.536093690030583	0.0	173849	1978.229375549142	0.01757258	0.3
25030.503268999782	300	22.08490177783134	0.0	150710	3451.191912199239	0.014278643	0.3
25033.950874425085	300	22.63729635252904	0.0	139105	3447.6054253022985	0.006371235	0.3
25037.29848136953	300	23.289689408083053	0.0	141840	3347.6069444459904	0.004705182	0.3
25040.439994385848	300	24.148176391762494	0.0	156148	3141.5130163205604	0.004705182	0.3
25043.2203407645	300	25.367830013110833	0.0	160746	2780.3463786516572	0.004705182	0.3
25045.554909952058	300	27.033260825550737	0.0	179801	2334.5691875600974	0.004705182	0.3
25046.922864109383	300	29.665306668226346	0.0	140051	1367.9541573243926	0.0075904233	0.3
25048.44013562788	300	32.14803514972852	0.0	138313	1517.2715184978235	0.036952544	0.3
25050.44283408492	300	34.14533669268884	0.0	143509	2002.6984570396776	0.089784294	0.3
25052.47840615992	300	36.10976461768891	0.0	150616	2035.5720749999327	0.15017173	0.3
25054.816491527166	300	37.771679250441245	0.0	165384	2338.0853672476655	0.66007537	0.3
25061.152240724554	750	35.43593005305555	0.0	350713	6335.749197385697	0.5416807	0.3
25068.60931116803	750	31.978859609576496	0.0	386472	7457.070443479054	0.15831786	0.75
25075.64562053327	750	28.942550244336182	0.0	399894	7036.3093652403095	0.34986636	0.75
25082.488073896704	750	26.100096880903127	0.0	401853	6842.453363433059	0.41794428	0.75
25086.786154941794	750	25.8020158358103	0.0	343800	4298.081045092825	0.33871576	0.75
25090.804028277682	750	25.78414249992418	0.0	359903	4017.873335886121	0.026105052	0.75
25095.22004701994	750	25.368123757665046	0.0	379700	4416.0187422591325	0.006245978	0.75
25100.13740356958	750	24.450767208025272	0.0	425781	4917.35654963977	0.004705182	0.75
25103.30088944988	750	25.28728132772132	0.0	277716	3163.4858803039524	0.004705182	0.75
25107.594988887784	750	24.99318188982125	0.0	400396	4294.099437900071	0.004705182	0.75
25111.790305209022	750	24.79786556858131	0.0	400508	4195.316321239941	0.004705182	0.75
25115.133859493886	750	25.454311283718212	0.0	358218	3343.5542848630985	0.004705182	0.75
25119.412597799645	750	25.175572977958236	0.0	400322	4278.738305759977	0.004705182	0.75
25126.296337465898	750	22.291833311706245	0.0	369834	6883.7396662519905	0.004705182	0.75
25132.942485584615	750	19.645685192988108	0.0	412837	6646.148118718139	0.010863298	0.75
25138.48417749366	750	18.103993283942202	0.0	401088	5541.691909045907	0.017439663	0.75
25141.9612269899	750	18.626943787702213	0.0	365161	3477.0494962399907	0.009348601	0.75
25144.651933527453	750	19.936237250148537	0.0	321064	2690.7065375536763	0.004705182	0.75
25149.20317123259	750	19.38499954501271	0.0	361565	4551.237705135828	0.0074403035	0.75
25154.812218223145	750	17.775952554458613	0.0	378327	5609.046990554097	0.004705301	0.75
25160.9587592232	750	15.629411554409526	0.0	390680	6146.541000049088	0.0050702137	0.75
25167.147137248343	750	13.441033529260553	0.0	345516	6188.3780251489725	0.009648037	0.75
25172.58587379723	750	12.002296980376398	0.0	384505	5438.736548884153	0.14081122	0.75
25174.901467585474	300	13.686703192131777	0.0	145210	2315.5937882446215	0.3496011	-0.15000000000000002
25177.813525926493	300	14.77464485111228	0.0	172312	2912.0583410194968	0.20025007	0.3
25179.07168461439	300	17.516486163213933	0.0	167025	1258.1586878983474	0.28061	0.3
25181.740720980953	750	18.847449796652384	0.0	393804	2669.0363665615464	0.010052984	0.3
25183.962703563266	750	20.625467214338666	0.0	331053	2221.9825823137194	0.46037924	0.75
25186.330016201235	750	22.258154576369236	0.0	314107	2367.312637969431	0.6940393	0.75

