18023.047452359886	750	4.0	5.558065529459364	450283	5558.065529459364	0.06594201	-23.149681776675266
18025.855171491734	300	5.192280868151962	0.0	155580	2807.719131848038	0.005166325	-0.15000000000000002
18027.24070382635	300	7.8067485335352504	0.0	139857	1385.5323346167118	0.004705182	0.3
18028.805248513876	300	10.24220384601217	0.0	155432	1564.5446875230796	0.004705182	0.3
18031.03200132249	300	12.015451037399814	0.0	163442	2226.7528086123575	0.00720603	0.3
18032.706062180543	300	14.34139017934634	0.0	126289	1674.0608580534742	0.01188188	0.3
18034.774408098285	300	16.273044261605317	0.0	153295	2068.3459177410227	0.004705182	0.3
18037.493487991815	300	17.553964368077075	0.0	173849	2719.0798935282405	0.004705182	0.3
18040.26469390091	300	18.78275845898064	0.0	150710	2771.2059090964344	0.004705182	0.3
18042.395883333254	300	20.651569026636313	0.0	139105	2131.1894323443303	0.004705182	0.3
18043.685036805768	300	23.36241555412385	0.0	141840	1289.1534725124627	0.004705182	0.3
18044.823228989226	300	26.224223370664696	0.0	156148	1138.192183459156	0.01270832	0.3
18045.89220221431	300	29.155250145580887	0.0	160746	1068.9732250838097	0.046016686	0.3
18047.22908827279	300	31.818364087096555	0.0	179801	1336.8860584843326	0.3000771	0.3
18048.379405506115	300	34.668046853773056	0.0	140051	1150.317233323499	0.686243	0.3
18051.089742282304	750	35.95771007758288	0.0	366214	2710.3367761901754	0.41948107	0.3
18053.667640723335	750	37.37981163655245	0.0	360831	2577.8984410304265	0.004705182	0.75
18056.400707222918	750	38.646745136972285	0.0	372963	2733.066499580171	0.0064672846	0.75
18059.095021190322	750	39.952431169563965	0.0	405596	2694.313967408323	0.009049402	0.75
18062.143304324287	750	40.90414803559715	0.0	350713	3048.2831339668137	0.051593333	0.75
18064.80028635024	750	42.24716600964709	0.0	386472	2656.98202595006	0.02668129	0.75
18067.674140370047	750	43.37331198983742	0.0	399894	2873.8540198096666	0.19236891	0.75
18070.80344258172	750	44.244009778164106	0.0	401853	3129.3022116733155	0.39118227	0.75
18073.625452539283	750	45.42199982060066	0.0	343800	2822.009957563445	0.56083274	0.75
18076.4784155487	750	46.56903681118403	0.0	359903	2852.963009416633	0.603617	0.75
18080.21672930354	750	46.8307230563435	0.0	379700	3738.313754840532	0.67355233	0.75
18084.78432829512	750	46.263124064763616	0.0	425781	4567.598991579888	0.6640612	0.75
18088.837488884685	750	46.209963475201896	0.0	277716	4053.1605895617195	0.6249861	0.75
18092.482630543083	750	46.56482181680396	0.0	400396	3645.141658397938	0.18368186	0.75
18096.82214924724	1200	46.225303112645896	0.0	641447	4339.518704158065	0.6945854	0.75
18101.214222401093	1200	45.83322995879352	0.0	570392	4392.073153852377	0.004705182	1.2
18107.13661931328	1200	43.91083304660516	0.0	620283	5922.396912188358	0.004705182	1.2
18113.318513565035	1200	41.72893879485099	0.0	584349	6181.894251754175	0.0050579165	1.2
18119.308659909224	1200	39.73879245066194	0.0	670129	5990.14634418905	0.006413655	1.2
18126.096644662215	1200	36.950807697668445	0.0	690253	6787.98475299349	0.004824931	1.2
18131.531205067706	1200	35.51624729217785	0.0	598727	5434.560405490588	0.0071624434	1.2
18137.119848469953	1200	33.927603889929316	0.0	487812	5588.643402248542	0.0048248577	1.2
18147.201782784417	1200	27.845669575467113	0.0	575591	10081.9343144622	0.010998947	1.2
18153.971570668018	1200	25.075881691865355	0.0	605884	6769.78788360176	0.4868752	1.2
18160.266727732673	1200	22.780724627213207	0.0	587506	6295.157064652148	0.12845838	1.2
18166.392171494645	1200	20.655280865240698	0.0	566904	6125.443761972509	0.17850053	1.2
18174.017569038228	1200	17.029883321659057	0.0	641452	7625.397543581641	0.33465114	1.2
18178.78545207848	750	16.26200028140578	0.0	372093	4767.8830402532785	0.6943533	0.3
18182.62890416595	750	16.418548193937436	0.0	438281	3843.452087468341	0.010007124	0.75
18185.48066116302	750	17.566791196865086	0.0	398987	2851.756997072347	0.117500044	0.75
18193.203994067117	1200	13.843458292768553	0.0	638661	7723.332904096535	0.51994383	0.75
18195.9756067805	750	15.07184557938859	0.0	331053	2771.612713379963	0.18198815	0.3
18198.742878574034	750	16.304573785854462	0.0	314107	2767.2717935341284	0.1371215	0.75

